# callgrind format
version: 1
creator: callgrind-3.23.0
pid: 7897
cmd:  ./main
part: 1


desc: I1 cache: 
desc: D1 cache: 
desc: LL cache: 

desc: Timerange: Basic block 0 - 204072258
desc: Trigger: Program termination

positions: line
events: Ir
summary: 3775524452


ob=(1) /usr/lib/x86_64-linux-gnu/ld-linux-x86-64.so.2
fl=(11) ./elf/./elf/dl-tunables.c
fn=(58) __GI___tunable_set_val
153 15
-81 40
+81 15
-81 10
+10 5
fi=(231) ./elf/./dl-tunable-types.h
+2 5
fe=(11)
+9 40
+1 25
fi=(12) ./elf/./elf/dl-tunables.h
+47 10
fe=(11)
-26 25
+1 5
+1 5
+1 5
+39 15
fi=(12)
-15 10
fe=(11)
-45 10
+3 5
fi=(12)
+51 5
fe=(11)
-51 5
+4 10
+7 10
+1 10
-12 25

fn=(22) __GI___tunables_init
261 8
+22 1
-22 1
128 1
283 1
-22 1
+6 4
42 190
+6 37
-3 37
+3 3134
+4 74
+4 74
fi=(12)
160 37
fe=(11)
56 74
fi=(12)
161 2
-1 43
+1 113
-1 74
fe=(11)
281 6068
+6 10989
fi=(12)
160 370
+1 740
-1 19
+1 76
-1 95
fe=(11)
304 8

fn=(28) __tunable_get_val
387 36
+3 72
-3 36
+3 288
+9 33
-9 66
+19 22
+7 216
+2 36
-19 14
+1 14
+9 6

fl=(138) ./misc/../sysdeps/unix/syscall-template.S
fn=(472) munmap
117 5
+5 1

fn=(422) mprotect
117 20
+5 4

fl=(27) ./elf/./elf/dl-minimal-malloc.c
fn=(78) __minimal_malloc
36 168
+1 63
+11 60
+3 20
-3 20
+3 40
-3 2
+3 1
-3 1
+3 78
+19 21
+1 21
+2 126
-17 8
+1 4
+2 2
+1 14
cfi=(57) ./misc/../sysdeps/unix/sysv/linux/mmap64.c
cfn=(174) mmap
calls=2 -13 
* 52
* 2
+2 4
+2 8
cfi=(58) ./misc/../sysdeps/unix/sysv/linux/setvmaname.c
cfn=(176) __set_vma_name
calls=2 -31 
* 56
+1 6
+2 2
+4 2
-4 4
-24 1
-1 1
+1 1
+1 2
-2 2

fn=(74) __minimal_calloc
80 8
+4 8
-4 32
+7 8
+1 24
fi=(28) ./elf/../include/rtld-malloc.h
-32 8
cfi=(27)
cfn=(78)
calls=8 -20 
* 347
fe=(27)

fl=(53) ./io/../sysdeps/unix/sysv/linux/open64_nocancel.c
fn=(164) __open_nocancel
28 6
+3 3
-3 6
+3 18
+8 21
+2 6

fl=(29) ./string/../sysdeps/x86_64/multiarch/memmove-vec-unaligned-erms.S
fn=(82) memcpy
210 14
+1 14
+6 14
+1 14
+2 10
+1 10
+1 10
+2 7
+1 7
+1 7
+2 7
+80 4
+1 4
+2 1
+4 1
+1 1
+1 1
+1 1
+1 1
+4 1
+2 1
+39 3
+1 3
+1 3
+1 3
+1 3
+7 3
+1 3
+1 3
+1 3
+1 3
+1 3
+1 3
+11 3
+1 3
+2 3
+1 3
+1 3

fn=(126) mempcpy
197 5
+1 5
+1 5
+1 5
+17 5
+1 5
+2 3
+1 3
+1 3
+2 2
+1 2
+1 2
+2 2
+80 2
+1 2
+55 2
+1 2
+1 2
+1 2
+1 2
+7 1
+1 1
+1 1
+1 1
+1 1
+1 1
+1 1
+11 1
+1 1
+2 1
+1 1
+1 1

fl=(30) ./elf/./elf/dl-load.c
fn=(88) _dl_process_pt_gnu_property
868 3
+8 3
-8 6
+8 3
-6 3
+12 6
-13 3
+13 3
-13 3
+13 6
+3 9
+1 6
+1 6
+3 9
+1 9
+4 3
+1 6
+22 3
+2 3
-2 6
+2 9
-20 10
+1 5
+3 10
+3 5
+1 20
fi=(31) ./elf/../sysdeps/x86/dl-prop.h
95 20
+7 10
+16 5
-3 10
254 6
+1 3
+2 12
+3 3
-8 4
+5 2
-4 2
+4 6
+3 2
-2 1
fe=(30)

fn=(168) _dl_map_object_from_fd
944 20
+15 2
-15 4
+15 2
-15 4
+15 4
+77 8
+10 4
+7 14
cfi=(26) ./elf/./elf/dl-object.c
cfn=(72) _dl_new_object
calls=2 59 
* 861
* 2
+1 4
+11 2
+5 2
-4 2
-1 2
+2 2
+2 2
-2 2
+2 4
+1 6
+1 2
+19 2
-2 1
+2 12
-2 1
+2 28
+10 2
-10 2
+10 6
+27 2
-33 2
-3 2
+2 2
-1 2
+35 2
+9 2
-50 2
+41 2
+9 2
-36 2
+63 10
-62 86
+26 56
+8 16
+1 8
-1 8
+1 32
+1 8
-1 8
+1 8
+2 8
-2 8
+2 8
+2 8
-4 8
+1 8
+3 8
-4 8
+4 40
+2 16
+13 16
+1 30
+5 6
+1 54
-28 12
-35 18
+62 2
+1 18
-28 4
-35 51
+1 127
1213 2
1100 2
1213 4
1100 6
1218 14
+10 6
+1 2
-1 2
+1 2
-1 6
+1 6
-1 6
+1 6
-1 18
1066 4
1235 4
+10 8
+7 8
fi=(59) ./elf/./dl-map-segments.h
28 2
fe=(30)
1252 6
fi=(59)
28 4
+1 16
cfi=(57)
cfn=(174)
calls=2 +18 
* 56
+73 4
-1 2
-72 2
+73 2
+3 4
+1 2
+2 2
-3 2
+1 2
+2 2
+17 2
-44 2
fi=(60) ./elf/./dl-load.h
+10 16
fi=(59)
+58 32
+6 2
+2 2
-2 2
+1 2
+2 4
-1 4
+3 4
+5 4
+3 6
+8 12
cfi=(43) ./string/../sysdeps/x86_64/multiarch/../multiarch/memset-vec-unaligned-erms.S
cfn=(130) memset
calls=2 -44 
* 287
* 2
+6 4
+12 8
-59 48
+2 24
+2 48
cfi=(57)
cfn=(174)
calls=6 -92 
* 126
* 12
fe=(30)
1264 2
fi=(56) ./elf/../sysdeps/posix/dl-fileid.h
37 4
cfi=(55) ./io/../sysdeps/unix/sysv/linux/fstat64.c
cfn=(170) fstat
calls=2 -7 
* 12
* 4
fe=(30)
989 4
fi=(56)
40 6
fe=(30)
989 2
fi=(56)
40 2
fe=(30)
989 23
+1 10
fi=(56)
49 12
fe=(30)
1519 18
1074 13
+1 2
-1 1
+1 1
-1 1
+1 1
cfi=(68) ./io/../sysdeps/unix/sysv/linux/pread64_nocancel.c
cfn=(210) __pread64_nocancel
calls=1 25 
* 7
* 2
+46 2
+1 1
-15 4
+7 2
+2 2
-2 2
+1 2
+1 2
-1 4
+1 16
+60 3
+5 1
-1 2
+5 1
-5 2
-66 1
+71 4
+1 1
+3 1
-3 1
+8 4
+15 4
+1 2
1008 4
1268 8
+1 6
fi=(61) ./elf/./elf/get-dynamic-info.h
39 4
+6 2
-2 2
+11 2
+1 2
-10 4
+8 3
+15 3
-23 12
+23 44
-23 176
+4 94
+3 13
-1 26
+3 40
+1 32
+1 10
+16 8
+12 7
+1 8
+1 8
+1 8
+1 7
+1 7
+1 7
+1 8
+12 2
+7 2
-7 14
+7 5
+5 2
+7 2
+1 6
+6 6
+1 3
+17 6
+5 2
+2 2
+2 2
+2 2
+4 6
+2 6
+1 4
+9 4
+6 4
+4 4
fe=(30)
1275 4
+1 4
+2 4
+10 6
+19 6
+2 12
+52 6
+1 2
+6 18
+1 42
+6 8
cfn=(88)
calls=2 868 
* 154
-7 52
+1 25
+6 25
-6 50
fi=(31)
149 8
fe=(30)
1380 4
cfi=(62) ./io/../sysdeps/unix/sysv/linux/close_nocancel.c
cfn=(186) __GI___close_nocancel
calls=2 25 
* 12
* 4
+13 4
+2 8
+2 4
+16 4
cfi=(8) ./elf/./elf/dl-setup_hash.c
cfn=(14) _dl_setup_hash
calls=2 25 
* 54
+4 4
+1 4
+17 4
+1 1
+3 1
+5 1
-5 1
+5 1
-5 1
+5 1
-5 1
+5 1
+5 4
+12 16
+10 4
+1 4
+5 2
cfi=(45) ./elf/../elf/dl-tls.c
cfn=(212) _dl_assign_tls_modid
calls=1 125 
* 12
+7 6
cfi=(26)
cfn=(84) _dl_add_to_namespace_list
calls=2 31 
* 106
+3 4
+4 4
cfi=(44) ./elf/./elf/dl-debug.c
cfn=(188) _dl_debug_update
calls=2 38 
* 14
* 2
+1 6
+22 14
+1 6
cfi=(47) ./elf/./elf/dl-audit.c
cfn=(190) _dl_audit_objopen
calls=2 77 
* 10
* 2
fi=(60)
92 4
+2 1
-1 1
+1 1
-1 1
+1 1
-1 1
+1 1
-1 2
+3 4
fi=(61)
-37 8
+3 8
+2 8
181 3
-22 2
fe=(30)
1510 4
1074 2
fi=(59)
186 8
cfi=(57)
cfn=(174)
calls=1 47 
* 21
+3 2
fe=(30)
1462 6
+2 1
-1 5
+1 1
-1 1
+1 1
-1 1
cfi=(32) ./string/../sysdeps/x86_64/multiarch/../multiarch/strcmp-sse2.S
cfn=(94) strcmp
calls=1 98 
* 25
* 2
+2 5

fn=(106) _dl_init_paths
706 11
+14 1
-14 2
+14 2
cfi=(37) ./elf/./elf/dl-hwcaps.c
cfn=(108) _dl_important_hwcaps
calls=1 172 
* 1244
fi=(28)
56 1
fe=(30)
720 1
fi=(28)
56 1
cfi=(27)
cfn=(78)
calls=1 -20 
* 30
fe=(30)
725 1
+2 3
+8 2
-1 3
+5 3
fi=(28)
56 1
cfi=(27)
cfn=(78)
calls=1 -20 
* 30
fe=(30)
739 1
+2 4
+7 1
+8 1
+2 1
+12 2
-23 1
+9 1
+11 1
-4 1
-5 1
+3 2
+7 2
+2 2
-11 1
+11 3
-8 1
+4 1
+1 3
+1 16
cfi=(43)
cfn=(130)
calls=4 132 
* 56
+2 15
-14 3
+10 3
+4 9
-12 3
-2 3
+2 3
+4 3
-3 3
+3 3
+1 3
-2 3
+5 9
+1 6
+3 1
+15 1
-8 1
+5 1
-6 1
+9 2
+2 4
+2 3
+36 3
+31 1
+1 8
-49 1
-2 1
+2 2
+14 2

fn=(158) expand_dynamic_string_token
385 9
241 2
385 1
241 1
cfi=(41) ./string/../sysdeps/x86_64/multiarch/../multiarch/strchr-sse2.S
cfn=(118) index
calls=1 32 
* 48
+3 2
410 1
-11 1
+11 6
-11 1
cfi=(52) ./string/./string/strdup.c
cfn=(160) strdup
calls=1 40 
* 103

fn=(196) _dl_dst_count
238 4
+3 2
-3 10
+7 2
-7 4
+3 2
cfi=(41)
cfn=(118)
calls=2 32 
* 72
+3 4
+20 18

fn=(154) _dl_map_object
1967 36
+8 6
+1 12
+3 51
+5 49
+2 21
cfi=(51) ./elf/./elf/dl-misc.c
cfn=(156) _dl_name_match_p
calls=7 68 
* 779
* 14
+4 12
+1 18
+4 2
-1 10
+1 2
+1 2
-1 2
+1 4
cfi=(32)
cfn=(94)
calls=2 98 
* 50
* 4
2270 29
2011 6
-1 4
+9 2
-50 2
+50 4
+17 4
-2 2
+2 2
cfi=(41)
cfn=(118)
calls=2 32 
* 48
* 4
2202 2
-1 3
cfn=(158)
calls=1 385 
* 175
+6 1
-7 1
+1 1
+2 2
+4 7
cfn=(162) open_verify.constprop.0
calls=1 1572 
* 106
+3 2
-3 1
+3 1
+12 4
+45 1
+1 5
-1 1
+1 8
cfn=(168)
calls=1 944 
* 1940
-1 1
+1 5
-1 1
+1 8
cfn=(168)
calls=1 944 
* 2374
* 6
2040 2
cfi=(22) ./string/../sysdeps/x86_64/multiarch/../multiarch/strlen-sse2.S
cfn=(62) strlen
calls=1 57 
* 17
* 2
+2 2
+7 4
2222 4
+46 2
2106 2
682 1
2107 1
682 2
2135 2
cfi=(65) ./elf/./elf/dl-cache.c
cfn=(200) _dl_load_cache_lookup
calls=1 403 
* 1233
* 1
+2 2
+4 2
+31 1
-23 2
+23 7
cfn=(162)
calls=1 1572 
* 137
+4 2
-4 1
+4 1
+1 1
+17 2
2074 5
682 1
2075 1
682 3
2099 2
-46 1
+1 1
696 5
2058 3
682 1
2059 1
682 2
2073 5
+1 2
+41 1
+14 2
+2 3
-47 2

fn=(162)
1572 20
+32 2
-32 4
+32 4
+19 8
cfi=(53)
cfn=(164)
calls=2 28 
* 40
* 2
+2 4
+8 2
+1 4
+5 2
-5 2
+5 10
cfi=(54) ./io/../sysdeps/unix/sysv/linux/read_nocancel.c
cfn=(166) __read_nocancel
calls=2 25 
* 12
+2 4
+2 4
+2 4
+6 4
+17 26
+81 4
+5 4
+6 8
+6 4
+6 2
+1 2
-1 6
+1 6
+26 18
-22 13
+1 2
-1 1
+1 1
cfi=(68)
cfn=(210)
calls=1 25 
* 7
* 2
1668 3
1777 2

fl=(139) ./elf/./elf/dl-find_object.c
fn=(432) _dlfo_process_initial
474 2
+3 2
-3 6
+1 2
+3 4
+26 14
+1 6
+1 8
-1 16
+3 28
+3 24
-7 10
+27 2
-2 2
+2 6
-18 18
+3 6
-1 6
cfi=(140) ./elf/./dl-find_object.h
cfn=(430) _dl_find_object_from_map
calls=3 95 
* 189
+2 12

fn=(434) _dlfo_sort_mappings
536 1
+1 2
+3 4
+4 1
+1 1
-1 1
+1 2
-1 1
+1 1
-1 1
+1 6
+1 15
+3 2
-1 2
-3 9
+8 6
+1 4
-1 2
-13 4
+14 6
+1 4
-15 4
+17 1

fn=(428) _dl_find_object_init
561 2
+3 1
-3 3
+5 2
+13 1
cfn=(432)
calls=1 474 
* 81
+1 1
-1 1
+1 1
fi=(28)
56 1
cfi=(27)
cfn=(78)
calls=1 -20 
* 30
fe=(139)
580 1
fi=(28)
56 1
fe=(139)
582 2
+3 2
+5 1
+1 1
cfn=(432)
calls=1 474 
* 282
+3 3
+10 4
-37 2
cfi=(140)
cfn=(430)
calls=1 95 
* 68
* 1
+29 2
cfn=(434)
calls=1 -60 
* 80
+3 6
+2 1

fl=(50) ./setjmp/../sysdeps/x86_64/setjmp.S
fn=(150) __sigsetjmp
31 3
+2 3
+9 3
+1 6
+1 3
+4 3
+1 3
+1 3
+1 3
+1 3
+2 6
+2 3
+1 3
+1 3
+2 6
+2 3
+8 3
+3 3
+1 3
+7 3
+1 3

fl=(42) ./string/../sysdeps/x86_64/multiarch/../multiarch/memcmp-sse2.S
fn=(122) bcmp
59 1
+12 1
+1 1
+22 1
+1 1
+45 1
+1 1
+2 1
+1 1
+2 1
+1 1
+2 1
+1 1
+47 1
+1 1
+1 1
+1 1
+1 1
+1 1

fl=(32)
fn=(94)
98 189
+33 189
+1 189
+2 189
+1 189
+21 189
+1 189
+1 145
+1 145
+1 133
+1 133
+1 133
+1 133
+17 133
+1 133
+1 133
+1 133
+1 133
+1 133
+1 133
+5 11
+1 33
+9 11
+1 11
+1 11
+1 11
+1 11
+1 11
+1 11
+1 11
-7 56
+1 56
+1 56
+1 56
+1 56
+1 56
+1 56
+1 56
+1 65
+1 29
+1 29
+1 29
+2 29
+1 29
+1 29
+1 29
+1 29
+1 29
-5 36
+1 36
+1 36
+1 36
+1 36
+1 36
+10 2
+1 2
+1 2
+2 2
+6 2
+1 2
+1 2
+1 2
+1 2
+5 2
+52 17
+1 17
+1 17
+1 17
+1 17
+2 17
+1 17
+1 17
+1 17
+1 17
+1 17
+1 17
+1 17
+3 17
+1 17
+1 17
+6 17
+1 17
+1 34
+4 17
+1 17
+3 17
+1 17
+1 17
+2 17
+1 17
+1 17
+4 17
+1 17
+1 17
+1 17
+1 17
+1 17
661 1
+1 1
+1 1
+1 1
+1 1
+2 1
+1 1
+1 1
+1 1
+1 1
+1 1
+1 1
780 1
+1 1
+1 1
+1 1
+1 1
+2 1
+1 1
+1 1
+1 1
+1 1
+1 1
+1 1
899 3
+1 3
+1 3
+1 3
+1 3
+2 3
+1 3
+1 3
+1 3
+1 3
+1 3
+1 3
+1 2
+4 2
+1 2
+1 2
+6 2
+1 2
+1 4
+4 2
+1 2
+3 2
+1 2
+1 2
+2 2
+1 2
+1 2
+4 2
+1 2
+1 2
+1 2
+1 2
+1 2
+7 1
+1 1
+2 1
+1 1
+2 1
+1 1
+1 1
+2 1
+1 1
+1 1
+4 1
+1 1
+1 1
+1 1
+1 1
+1 1
+41 5
+1 5
+1 5
+1 5
+1 5
+2 5
+1 5
+1 5
+1 5
+1 5
+1 5
+1 5
+1 5
+4 5
+1 5
+1 5
+6 5
+1 5
+1 10
+4 5
+1 5
+3 5
+1 5
+1 5
+2 5
+1 5
+1 5
+4 5
+1 5
+1 5
+1 5
+1 5
+1 5
+7 1
+1 1
+2 1
+1 1
+2 1
+1 1
+1 1
+2 1
+1 1
+1 1
+4 1
+1 1
+1 1
+1 1
+1 1
+1 1
+41 4
+1 4
+1 4
+1 4
+1 4
+2 4
+1 4
+1 4
+1 4
+1 4
+1 4
+1 4
1256 4
+1 4
+1 4
+1 4
+1 4
+2 4
+1 4
+1 4
+1 4
+1 4
+1 4
+1 4
1375 3
+1 3
+1 3
+1 3
+1 3
+2 3
+1 3
+1 3
+1 3
+1 3
+1 3
+1 3
+1 3
+4 3
+1 3
+1 3
+6 3
+1 3
+1 6
+4 3
+1 3
+3 3
+1 3
+1 3
+2 3
+1 3
+1 3
+4 3
+1 3
+1 3
+1 3
+1 3
+1 3
+69 5
+1 5
+1 5
+1 5
+1 5
+2 5
+1 5
+1 5
+1 5
+1 5
+1 5
+1 5
+1 5
+4 5
+1 5
+1 5
+6 5
+1 5
+1 10
+4 5
+1 5
+3 5
+1 5
+1 5
+2 5
+1 5
+1 5
+4 5
+1 5
+1 5
+1 5
+1 5
+1 5
+69 2
+1 2
+1 2
+1 2
+1 2
+2 2
+1 2
+1 2
+1 2
+1 2
+1 2
+1 2
+1 1
+4 1
+1 1
+1 1
+6 1
+1 1
+1 2
+4 1
+1 1
+3 1
+1 1
+1 1
+2 1
+1 1
+1 1
+4 1
+1 1
+1 1
+1 1
+1 1
+1 1
+7 1
+1 1
+2 1
+1 1
+2 1
+1 1
+1 1
+2 1
+1 1
+1 1
+4 1
+1 1
+1 1
+1 1
+1 1
+1 1
+41 11
+1 11
+1 11
+1 11
+1 11
+2 11
+1 11
+1 11
+1 11
+1 11
+1 11
+1 11
+1 5
+4 5
+1 5
+1 5
+6 5
+1 5
+1 10
+4 5
+1 5
+3 5
+1 5
+1 5
+2 5
+1 5
+1 5
+4 5
+1 5
+1 5
+1 5
+1 5
+1 5
+7 1
+1 1
+2 1
+1 1
+2 1
+1 1
+1 1
+2 1
+1 1
+1 1
+4 1
+1 1
+1 1
+1 1
+1 1
+1 1
+41 6
+1 6
+1 6
+1 6
+1 6
+2 6
+1 6
+1 6
+1 6
+1 6
+1 6
+1 6
+1 5
+4 5
+1 5
+1 5
+6 5
+1 5
+1 10
+4 5
+1 5
+3 5
+1 5
+1 5
+2 5
+1 5
+1 5
+4 5
+1 5
+1 5
+1 5
+1 5
+1 5
+69 3
+1 3
+1 3
+1 3
+1 3
+2 3
+1 3
+1 3
+1 3
+1 3
+1 3
+1 3
2093 43
+2 43
+1 43
+1 43
+1 43
-3 24
+1 24
+1 24
+1 24
+1 58
+5 29
+6 29
+1 29
+8 29
+1 29
-16 160
+6 160
+1 160
+8 160
+1 160

fn=(230) strncmp
98 1
+27 1
+1 1
+1 1
+1 1
+1 1
+2 1
+1 1
+2 1
+1 1
+21 1
+1 1
+1 1
+1 1
+1 1
+1 1
+1 1
+1 1
+17 1
+1 1
+1 1
+1 1
+1 1
+1 1
+1 1
2104 1
+3 1
+1 1
+2 1
+1 1
+8 1
+1 1

fl=(140)
fn=(430)
95 8
+1 8
+1 4
+6 20
+1 119
+1 82
+2 12
+5 4

fl=(76) ./elf/./elf/dl-lookup.c
fn=(256) _dl_lookup_symbol_x
772 648
+3 108
-3 324
+3 108
-3 432
fi=(77) ./elf/../sysdeps/generic/dl-new-hash.h
74 108
+3 216
-8 108
+1 216
+10 108
+1 216
-1 677
+1 1354
+20 735
-2 735
+6 735
-3 1470
+2 735
-30 735
+3 1470
fe=(76)
774 108
+1 108
+3 108
-4 108
+1 108
+7 414
+5 108
-2 108
+2 108
-2 108
+6 1547
+1 1512
cfn=(260) do_lookup_x
calls=108 347 
* 39444
* 324
+28 108
-23 324
+23 108
-23 216
+24 590
+7 101
-7 101
+35 404
+34 404
-20 303
+3 202
-57 108
+76 972
fi=(77)
87 50
+1 50
+1 100
+1 50
fe=(76)
871 2
-72 42
+18 21
+11 28

fn=(262) check_match
70 1545
+3 614
+13 101
-13 101
+13 101
-13 101
+13 303
+3 358
cfi=(32)
cfn=(94)
calls=39 +9 
* 2174
* 78
+4 101
+1 202
+2 198
+19 198
+1 792
+45 101
+1 824
-18 4
+2 4
+1 2
-1 4
+1 6
-1 4
-29 297
cfi=(32)
cfn=(94)
calls=99 -19 
* 3186
* 198
-44 8
+5 4

fn=(260)
347 972
+1 108
-1 432
+6 108
-6 108
+65 108
-58 108
+11 108
+50 108
-3 216
+3 216
-50 108
+50 432
-19 1056
+8 352
-4 352
+1 352
+3 1408
+1 704
+3 352
-3 352
+4 704
+4 704
-2 352
+5 1408
+3 2464
+99 753
358 704
+3 704
+4 704
+21 704
+4 704
+71 808
fi=(4) ./elf/../sysdeps/generic/ldsodefs.h
139 202
+1 303
fe=(76)
476 202
fi=(78) ./elf/../sysdeps/generic/dl-protected.h
29 404
fe=(76)
483 780
+16 202
+1 101
+22 101
-21 101
+21 707
-99 309
-1 206
+2 206
+2 103
+6 412
-6 103
+6 721
+7 384
-10 1145
+2 103
+1 309
-1 103
+1 206
-1 103
+1 103
+1 103
-1 103
+1 103
-1 721
cfn=(262)
calls=103 70 
* 11609
+4 309
+3 4
+31 16
+52 7
-1 7
+1 49
-35 21

fl=(144) ./elf/./elf/dl-lookup-direct.c
fn=(446) _dl_lookup_direct
74 30
+2 3
-2 6
+4 3
-4 3
+2 3
+2 9
+37 3
-37 9
+1 6
+2 12
+3 25
+2 6
-54 3
+54 3
-54 3
+54 3
-54 9
+1 9
+2 6
+1 6
+12 9
+3 3
+2 6
-2 3
+2 9
cfi=(32)
cfn=(94)
calls=3 +45 
* 209
* 6
+4 6
+1 3
-1 3
+1 18
+1 9
cfi=(32)
cfn=(94)
calls=3 +39 
* 198
* 6
+57 27
-23 6

fl=(65)
fn=(208) _dl_cache_libcmp
357 8
+1 8
+32 8
-33 8
+1 18
+2 41
+2 41
-2 82
+20 80
+2 80
-12 33
+2 33
+14 33
+1 33
-29 66
+32 3
-28 2
+6 1
+2 1
-2 1
+1 1
-1 1
+1 1
-1 1
+2 3
+2 1
-3 1
+3 3
+2 2
+9 21

fn=(200)
403 10
+2 2
+3 3
+74 1
205 1
482 2
+3 3
fi=(67) ./elf/../sysdeps/x86/dl-procinfo.h
39 2
+3 3
cfi=(32)
cfn=(94)
calls=1 +56 
* 25
* 4
fe=(65)
208 6
cfi=(11)
cfn=(28)
calls=1 387 
* 23
* 1
+12 1
-10 1
-2 1
+12 2
-7 5
+9 5
+1 1
-32 2
+36 1
-4 1
+4 2
-5 30
+1 6
-32 12
+36 6
-4 6
+4 12
+4 21
cfn=(208)
calls=7 357 
* 542
+1 14
346 6
+3 2
220 4
347 4
220 10
+2 10
+20 2
+3 2
+2 4
cfn=(208)
calls=1 357 
* 73
* 2
-7 2
-30 3
+1 1
fi=(232) ./elf/../sysdeps/x86/dl-isa-level.h
28 2
fe=(65)
210 2
fi=(232)
28 1
fe=(65)
210 1
+1 1
-1 3
+76 3
fi=(232)
28 3
fe=(65)
259 2
+10 3
+1 4
+16 1
fi=(66) ./elf/../sysdeps/generic/dl-cache.h
125 1
fe=(65)
286 3
+9 2
+3 2
+3 1
+1 3
+28 2
500 2
+12 2
cfi=(22)
cfn=(62)
calls=1 57 
* 35
+1 1
-1 1
+1 12
+1 1
-1 1
+1 1
-1 1
+1 1
cfi=(29)
cfn=(82)
calls=1 210 
* 11
* 1
+1 1
cfi=(52)
cfn=(160)
calls=1 40 
* 95
+1 8
411 4
cfi=(51)
cfn=(202) _dl_sysdep_read_whole_file
calls=1 36 
* 103
* 1
+8 5
+1 8
+3 3
+1 1
-1 3
fi=(66)
194 1
+1 5
fe=(65)
431 1
+1 2

fn=(470) _dl_unload_cache
525 1
+1 4
-1 1
+3 1
-3 1
+3 1
cfi=(138)
cfn=(472)
calls=1 117 
* 6
+7 1
-6 1
+4 1
+2 1

fl=(64) ./elf/./elf/dl-deps.c
fn=(194) _dl_map_object_deps
143 4
+1 2
-1 1
+1 1
-1 2
+1 1
-1 1
+1 1
-1 4
+1 3
-1 1
+1 7
-8 1
+8 2
-8 1
-6 1
-2 1
+16 1
-8 1
-7 1
+1 1
+6 1
+24 4
-28 3
-2 1
+31 1
-33 2
+2 2
+30 2
-30 1
-1 4
+7 4
+24 3
+28 3
-6 1
+46 1
fi=(70) ./elf/../include/scratch_buffer.h
77 1
fe=(64)
+87 1
fi=(70)
-87 1
+1 1
fe=(64)
184 1
+44 4
-31 1
-4 1
+4 5
-4 3
+4 6
+11 12
-18 2
+18 4
417 8
+2 2
+3 2
-3 6
+3 2
-3 2
fi=(28)
56 2
cfi=(27)
cfn=(78)
calls=2 -20 
* 60
fe=(64)
423 6
fi=(28)
56 2
fe=(64)
423 2
+6 2
+1 10
cfi=(29)
cfn=(82)
calls=2 210 
* 22
+1 10
cfi=(29)
cfn=(82)
calls=2 210 
* 22
+3 2
+1 4
+4 12
188 6
442 9
-1 4
+1 8
183 6
+27 8
+7 2
+4 2
-6 2
+1 2
+1 2
+1 4
+3 6
-2 2
-29 10
+32 112
+6 8
cfi=(30)
cfn=(196)
calls=2 +10 
* 118
* 6
+4 4
-2 2
+2 4
cfi=(49) ./elf/./elf/dl-catch.c
cfn=(148) _dl_catch_exception
calls=2 -28 
* 4844
+1 4
+9 2
+2 4
+5 10
+6 2
+2 2
-8 4
+3 2
+1 2
+1 2
+1 2
+4 2
-3 2
+3 6
+4 6
+1 3
-43 230
+7 4
+38 162
fi=(70)
85 3
fe=(64)
448 5
+1 1
+3 4
+11 5
fi=(28)
56 1
cfi=(27)
cfn=(78)
calls=1 -20 
* 30
fe=(64)
465 3
fi=(28)
56 1
fe=(64)
465 1
+5 2
+1 1
-1 3
+4 3
-2 2
+13 3
+5 3
-16 9
+11 3
-7 3
+7 3
-2 6
-5 1
+7 1
-2 2
+2 1
-11 1
+11 1
+5 1
-16 3
+21 3
+37 2
+15 2
-14 2
+20 1
-1 4
+1 4
-1 5
cfi=(13) ./elf/./elf/dl-sort-maps.c
cfn=(218) _dl_sort_maps
calls=1 298 
* 277
+5 1
+2 1
+1 1
+1 2
-2 1
+2 1
+7 3
+3 2
+3 8
198 25
+3 2
fi=(70)
-70 8
cfi=(69) ./malloc/./malloc/scratch_buffer_set_array_size.c
cfn=(214) __libc_scratch_buffer_set_array_size
calls=2 30 
* 50
fe=(64)
+70 6
+4 4
547 4
cfi=(29)
cfn=(82)
calls=1 210 
* 11
* 3
-53 2
144 2

fn=(198) openaux
61 12
+7 2
-4 6
+1 2
-1 14
cfi=(30)
cfn=(154)
calls=2 1967 
* 4668
* 2
+5 6

fl=(1) ???
fn=(0) 0x000000000001f540
0 2
cfi=(2) ./elf/./elf/rtld.c
cfn=(2) _dl_start
calls=1 517 
0 138944
0 8
cfi=(74) ./elf/../sysdeps/x86_64/dl-cet.c
cfn=(478) _dl_cet_setup_features
calls=1 331 
0 4
0 10
cfi=(153) ./elf/./elf/dl-init.c
cfn=(482) _dl_init
calls=1 81 
0 397
0 3
cob=(5) /home/std_2018111645/systemprogramming/lab1/matrix_multiplication/sliding_window/main
cfi=(159) ???
cfn=(508) (below main)
calls=1 0 
0 3775385084

fl=(8)
fn=(14)
25 4
+3 4
-3 4
+3 8
+3 12
+1 8
+2 4
-1 4
+3 12
+1 4
+1 8
+7 4
-5 4
-2 4
+3 8
+2 4
+2 8
+5 4

fl=(49)
fn=(146) _dl_catch_error
254 6
+2 1
-2 6
+2 1
cfn=(148)
calls=1 -52 
* 2728
+1 2
+1 1
+1 1
-1 1
+1 1
+2 6

fn=(148)
204 18
58 3
204 6
+3 6
+22 3
-1 3
+1 3
58 6
235 9
cfi=(50)
cfn=(150)
calls=3 31 
* 72
* 9
+2 9
cfi=(64)
cfn=(198)
calls=2 61 
* 4712
cfi=(2)
cfn=(152) map_doit
calls=1 641 
* 2662
69 3
+1 3
-1 3
+1 3
239 12
-25 3
+34 9
59 6
+11 9

fn=(222) _dl_receive_error
186 2
58 1
186 4
+2 1
-2 1
58 1
+1 1
+11 1
192 1
+2 1
cfi=(2)
cfn=(224) version_check_doit
calls=1 674 
* 4371
69 2
+1 1
198 1
-1 1
+1 3

fl=(37)
fn=(108)
172 6
+3 1
-3 3
+3 1
-3 5
+2 1
cfi=(38) ./elf/../sysdeps/x86_64/dl-hwcaps-subdirs.c
cfn=(110) _dl_hwcaps_subdirs_active
calls=1 29 
* 49
+1 1
fi=(40) ./elf/./dl-hwcaps.h
43 1
fe=(37)
174 1
fi=(40)
45 2
+32 1
+1 1
+1 1
fe=(37)
-27 2
cfi=(39) ./elf/./elf/dl-hwcaps_split.c
cfn=(114) _dl_hwcaps_split_masked
calls=1 -1 
* 23
* 2
fi=(40)
-9 1
+2 1
-2 1
+34 2
+1 2
+1 1
fe=(37)
-24 2
-1 2
+1 2
+1 2
+1 2
-5 4
cfi=(39)
cfn=(114)
calls=2 -1 
* 130
* 2
cfi=(39)
cfn=(114)
calls=1 -1 
* 125
* 6
+48 4
fi=(28)
-44 2
cfi=(27)
cfn=(78)
calls=1 -20 
* 30
fe=(37)
+46 2
-2 1
+2 1
+3 1
+3 1
fi=(40)
-65 1
+2 1
fe=(37)
+67 1
fi=(40)
-66 1
fe=(37)
+66 2
cfi=(39)
cfn=(120) _dl_hwcaps_split
calls=1 -87 
* 13
* 2
fi=(40)
-69 1
+2 1
-2 1
+34 2
+1 2
+1 1
fe=(37)
+48 10
+1 4
+1 2
+1 2
-1 2
-4 4
cfi=(39)
cfn=(114)
calls=2 -74 
* 130
* 2
cfi=(39)
cfn=(114)
calls=1 -74 
* 125
* 6
+8 3
+9 5
+3 8
-2 6
+14 1
+4 1
+1 1
+1 1
-20 3
+19 1
+1 1
-20 2
+8 2
+4 2
-4 3
+4 2
cfi=(42)
cfn=(122)
calls=1 -96 
* 19
+1 3
-14 8
+47 1
-4 2
+4 2
-3 1
+7 1
-7 2
+7 1
fi=(28)
56 1
cfi=(27)
cfn=(78)
calls=1 -20 
* 30
* 1
fe=(37)
194 2
+8 1
fi=(40)
43 1
fe=(37)
201 1
80 1
fi=(40)
-35 1
fe=(37)
+35 1
202 1
fi=(40)
77 1
+1 1
fe=(37)
202 3
fi=(40)
79 1
fe=(37)
-2 2
cfi=(39)
cfn=(114)
calls=1 -26 
* 23
* 2
fi=(40)
-34 1
+2 1
fe=(37)
+35 2
fi=(40)
-37 1
+34 2
+1 2
+1 3
fe=(37)
+1 4
+7 2
-7 8
cfi=(29)
cfn=(126)
calls=2 197 
* 26
+4 2
+2 2
+2 2
-2 4
-9 4
cfi=(39)
cfn=(114)
calls=2 -26 
* 130
* 2
cfi=(39)
cfn=(114)
calls=1 -26 
* 125
* 6
213 2
-5 1
+1 1
-1 1
+5 1
+3 9

fl=(48) ./string/../string/strcspn.c
fn=(144) strcspn
32 6
+1 3
+1 2
+5 6
+1 4
+1 4
+1 4
+2 1
+3 3
+1 2
-1 6
+1 4
+3 4
+1 4
+1 4
+1 4
+2 3
+6 1
-1 1
+1 1
+2 2
-1 2
+2 1
+2 6
-5 13
-1 13
+1 13
+2 26
-1 26
+2 13
+2 78
+2 1
+1 3
+1 2
-1 1
+1 1

fl=(51)
fn=(156)
68 98
+1 28
cfi=(32)
cfn=(94)
calls=14 +29 
* 450
* 28
+3 14
+2 28
+6 15
-6 30
+1 54
cfi=(32)
cfn=(94)
calls=18 +23 
* 602
* 36
+8 3
-13 3
+13 20
-1 11
+1 33

fn=(202)
36 2
+3 1
-3 7
+3 1
-3 2
+3 1
cfi=(53)
cfn=(164)
calls=1 -11 
* 20
+1 2
+23 8
-21 4
cfi=(55)
cfn=(170)
calls=1 -12 
* 6
* 2
+2 2
+3 2
+13 2
cfi=(62)
cfn=(186)
calls=1 -35 
* 6
* 1
-11 6
cfi=(57)
cfn=(174)
calls=1 -2 
* 26
* 2

fl=(74)
fn=(246) _dl_cet_check
361 8
-76 1
-10 2
+2 2
-1 1
+6 1
+3 1
+8 1
-11 1
+1 1
-1 1
+1 1
-1 1
+1 1
+10 4
+3 1
+4 2
+2 2
-1 1
+2 2
+2 2
-1 2
+4 1
+2 1
+3 2
145 2
+12 2
+16 1
+6 1
363 6

fn=(478)
331 1
+3 2
+16 1

fl=(26)
fn=(84)
31 12
+2 3
-2 6
+2 3
-2 9
+2 3
cfi=(24) ./elf/../sysdeps/nptl/dl-tls_init_tp.c
cfn=(86) rtld_mutex_dummy
calls=3 +9 
* 9
+2 26
+3 20
+2 2
+2 2
+4 2
+4 2
-4 4
+1 4
+1 4
+3 10
-1 2
cfi=(24)
cfn=(86)
calls=2 -8 
* 6
-4 1
+4 1
-4 2
+1 2
+1 2
+3 5
-1 1
cfi=(24)
cfn=(86)
calls=1 -8 
* 3
-5 2

fn=(72)
59 45
+3 6
+18 4
+3 2
cfi=(22)
cfn=(62)
calls=2 -26 
* 52
+4 2
-4 2
+4 2
+5 2
-9 6
fi=(28)
-39 4
cfi=(27)
cfn=(74)
calls=2 +36 
* 183
fe=(26)
+39 1
fi=(28)
-39 2
cfi=(27)
cfn=(74)
calls=1 +36 
* 47
* 3
fe=(26)
+51 6
+5 3
+4 3
-6 3
+2 3
+4 3
-5 3
+4 3
+1 3
-1 3
+1 6
cfi=(29)
cfn=(82)
calls=3 210 
* 44
* 3
+15 3
-15 3
+2 3
+13 6
+6 1
+2 7
+3 2
-3 14
+3 4
+2 3
+4 3
+3 10
+2 12
-2 8
+2 8
-2 16
+16 6
-5 3
+5 3
-6 3
+6 3
-6 3
+6 6
+2 4
+3 4
-3 4
+7 8
+4 6
+8 1
+13 1
-10 2
+10 5
-10 4
+10 6
+2 2
cfi=(22)
cfn=(62)
calls=2 57 
* 70
+21 2
-21 6
+17 2
-13 6
+50 6
cfi=(29)
cfn=(126)
calls=2 -48 
* 34
* 2
+5 4
+1 4
-1 80
+1 80
+4 4
+1 2
+3 2
+4 27
131 6
-8 2
-4 4
+34 1
+7 4
+8 8
fi=(28)
56 4
cfi=(27)
cfn=(78)
calls=2 -20 
* 60
* 2
fe=(26)
200 4
-1 4
64 2
+2 3
+1 2
+4 6
+6 2

fl=(57)
fn=(174)
47 12
+3 24
-3 72
+6 24
+5 72
+2 48
-7 29

fl=(145) ./elf/./elf/dl-call-libc-early-init.c
fn=(450) _dl_call_libc_early_init
27 1
+2 2
-2 1
+6 3
-6 3
+6 1
-6 2
+6 1
cfi=(144)
cfn=(446)
calls=1 +41 
* 225
+4 2
+2 3
+2 1
-1 1
-1 1
+2 2
-1 1
cob=(2) /usr/lib/x86_64-linux-gnu/libc.so.6
cfi=(146) ./elf/./elf/libc_early_init.c
cfn=(452) __libc_early_init
calls=1 -7 
* 353

fl=(222) ./elf/./elf/dl-fini.c
fn=(796) _dl_fini
26 5
+17 1
-17 6
+20 13
+3 2
cob=(2)
cfi=(223) ./nptl/./nptl/pthread_mutex_lock.c
cfn=(798) pthread_mutex_lock@@GLIBC_2.2.5
calls=1 +28 
* 44
+2 1
+3 2
+2 5
+7 3
-2 1
+2 1
cfi=(47)
cfn=(468) _dl_audit_activity_nsid
calls=1 -22 
* 11
+5 15
+5 1
-5 1
+5 3
+2 8
+2 8
+2 8
+1 4
+1 4
+4 4
-12 12
+14 6
+1 4
+6 6
cfi=(13)
cfn=(218)
calls=1 298 
* 317
+9 2
cob=(2)
cfi=(224) ./nptl/./nptl/pthread_mutex_unlock.c
cfn=(800) pthread_mutex_unlock@@GLIBC_2.2.5
calls=1 367 
* 34
+5 6
+2 1
+2 2
-2 3
+2 6
+2 16
cfi=(225) ./elf/./elf/dl-call_fini.c
cfn=(802) _dl_call_fini
calls=4 -90 
* 328
+3 8
cfi=(47)
cfn=(828) _dl_audit_objclose
calls=4 -20 
* 20
-9 8
+14 4
-14 12
+18 3
cfi=(47)
cfn=(468)
calls=1 -85 
* 11
* 2
+6 4
+2 1
-2 2
+6 2
+7 8
-77 2

fl=(24)
fn=(242) __tls_init_tp
68 2
fi=(233) ./elf/../include/list.h
-24 1
fe=(24)
+24 3
fi=(233)
-25 1
fe=(24)
+26 1
+3 1
fi=(233)
-29 1
+1 1
+1 1
+2 1
fe=(24)
+28 4
+1 2
+1 1
+5 2
+5 1
+6 1
-3 1
+3 1
-6 3
+6 1
+12 4
cfi=(11)
cfn=(28)
calls=1 387 
* 24
fi=(73) ./elf/../sysdeps/unix/sysv/linux/rseq-internal.h
-73 3
+8 1
fe=(24)
+81 3
+7 2
+1 3
fi=(73)
-95 7
+3 2
fe=(24)

fn=(68) __tls_pre_init_tp
53 3
+3 8
+5 1
-5 1
+5 1
+1 1
-6 1
+8 1

fn=(86)
42 8
+2 16

fl=(55)
fn=(170)
30 3
+9 12
+33 3

fl=(153)
fn=(484) call_init.part.0
26 48
+17 4
+3 4
-3 8
+3 8
+5 6
+8 9
+1 6
cob=(3) ???
cfi=(151) ???
cfn=(486) 0x000000000483d000
calls=1 -60 
* 7
+3 3
+1 6
+6 4
+2 4
-2 2
+3 13
+1 4
cob=(2)
cfi=(158) ./libio/./libio/vtables.c
cfn=(504) check_stdfiles_vtables
calls=1 545 
* 12
* 8
cob=(2)
cfi=(155) ./csu/./csu/init-first.c
cfn=(496) _init_first
calls=1 -28 
* 76
cob=(4) /usr/local/libexec/valgrind/vgpreload_core-amd64-linux.so
cfi=(154) ???
cfn=(490) 0x0000000000001110
calls=1 -74 
* 12
-1 9
+3 32
-29 2

fn=(482)
81 13
+1 1
+1 1
+3 3
+8 2
+25 1
+1 8
+1 8
-92 8
+6 12
+2 17
+83 6
cfn=(484)
calls=3 -94 
* 210
* 6
+7 8
-98 2
+60 2
-54 3
+2 7
cfn=(484)
calls=1 -11 
* 77
* 2

fl=(44)
fn=(188)
38 3
+3 3
-1 6
+4 6
+4 3

fn=(132) _dl_debug_initialize
56 3
+3 2
+4 1
+22 1
+10 1
-32 2
+1 1
+21 2
+5 2
+1 1
+4 1
-4 1
-1 1
+2 1
+3 1
+4 2
+8 2
-50 1
+4 2
+35 6

fn=(138) _dl_debug_state
116 2
+1 2

fl=(143) ./elf/../sysdeps/nptl/dl-mutex.c
fn=(444) __rtld_mutex_init
30 2
+10 3
-10 3
+10 1
-10 1
+10 1
-10 1
+7 1
+3 2
cfi=(144)
cfn=(446)
calls=1 +34 
* 233
+4 2
+1 8
+2 3
-2 1
+2 3
cfi=(144)
cfn=(446)
calls=1 +27 
* 223
+4 2
+1 7
+1 6

fl=(75) ./elf/./elf/dl-reloc.c
fn=(248) _dl_relocate_object
207 55
+1 10
+12 4
+4 16
-4 4
+6 12
+3 4
-1 4
+1 8
+22 20
+4 4
+7 6
fi=(6) ./elf/../sysdeps/x86_64/dl-machine.h
81 8
fi=(4)
-2 4
fe=(75)
301 8
fi=(4)
79 8
fe=(75)
301 9833
fi=(4)
79 1
fe=(75)
301 1
fi=(4)
79 2
fe=(75)
301 154
-80 8
fi=(6)
393 8
fe=(75)
190 4
+31 4
-31 4
fi=(6)
393 12
fi=(5) ./elf/./elf/do-rel.h
49 4
fe=(75)
301 4
fi=(5)
50 4
+30 4
-31 8
+4 4
-3 4
+3 4
-3 4
+3 12
+27 8
-31 4
fe=(75)
301 4
fi=(5)
50 4
+30 4
-31 8
+4 4
-3 4
+3 4
-3 4
+3 12
+27 8
fe=(75)
301 24
fi=(5)
51 4
fi=(4)
+28 20
fi=(6)
730 8
+4 6
fe=(75)
304 20
+24 4
+3 8
+17 12
+2 40
-98 8
+3 4
+7 2
-9 2
+9 4
fi=(6)
81 4
fi=(5)
+33 24
+9 14
+1 2
fi=(6)
498 2
fi=(5)
124 2
fi=(6)
498 4
fi=(5)
124 4
fi=(6)
498 4
fi=(5)
124 4
fi=(6)
498 8
+5 12
+1 6
fi=(5)
123 6
fi=(6)
504 6
-5 6
fi=(5)
123 12
+3 24
+3 24
+2 21
fe=(75)
+59 6
fi=(5)
73 3
fe=(75)
190 3
fi=(5)
72 3
fe=(75)
190 27
fi=(5)
-57 6
+1 3
+1 3
-2 3
+2 3
+3 3
-5 3
+2 3
-2 3
+1 6
+2 3
-2 3
+2 9
+2 6
-5 328
+1 164
+1 164
-2 164
+2 164
+3 164
-5 164
+2 164
-2 164
+1 328
+2 164
-2 164
+2 492
+2 328
+9 120
fi=(6)
267 240
+7 240
+4 240
fe=(75)
170 480
fi=(4)
-30 315
fe=(75)
+31 210
+3 210
+8 196
-8 876
+12 194
-3 97
+1 97
+2 390
-3 1
+1 1
+2 102
+1 98
-1 98
+2 196
-1 392
+3 588
cfi=(76)
cfn=(256)
calls=98 772 
* 54570
+3 98
+1 196
-4 98
+4 490
fi=(6)
+93 417
+3 102
-3 321
+3 117
-3 117
+5 234
+25 720
423 24
fi=(5)
150 24
fi=(6)
423 192
fi=(5)
150 320
-19 677
+33 12
+1 64
+1 189
+3 94
+4 47
-1 47
-3 47
+2 94
+2 47
-2 94
fe=(75)
-1 188
fi=(6)
287 47
+3 47
-3 47
+4 94
476 94
+2 47
cfi=(15) ./elf/../sysdeps/x86/dl-get-cpu-features.c
cfn=(448) __x86_cpu_features
calls=1 71 
* 6
cob=(2)
cfi=(137) ./string/../sysdeps/x86_64/multiarch/strncase.c
cfn=(418) strncasecmp
calls=1 31 
* 21
cob=(2)
cfi=(136) ./string/../sysdeps/x86_64/multiarch/mempcpy.c
cfn=(414) mempcpy
calls=1 33 
* 22
cob=(2)
cfi=(135) ./wcsmbs/../sysdeps/x86_64/multiarch/wcpcpy.c
cfn=(410) wcpncpy
calls=1 31 
* 18
cob=(2)
cfi=(134) ./string/../sysdeps/x86_64/multiarch/strspn.c
cfn=(408) strspn
calls=1 29 
* 7
cob=(2)
cfi=(132) ./string/../sysdeps/x86_64/multiarch/memchr.c
cfn=(404) memchr
calls=1 29 
* 23
cob=(2)
cfi=(131) ./string/../sysdeps/x86_64/multiarch/memmove.c
cfn=(400) memmove
calls=1 29 
* 22
cob=(2)
cfi=(130) ./string/../sysdeps/x86_64/multiarch/stpcpy.c
cfn=(396) stpcpy
calls=1 33 
* 17
cob=(2)
cfi=(129) ./debug/../sysdeps/x86_64/multiarch/memmove_chk.c
cfn=(392) __memmove_chk
calls=1 29 
* 22
cob=(2)
cfi=(127) ./wcsmbs/../sysdeps/x86_64/multiarch/wmemcmp.c
cfn=(388) wmemcmp
calls=1 29 
* 24
cob=(2)
cfi=(126) ./string/../sysdeps/x86_64/multiarch/strncpy.c
cfn=(384) strncpy
calls=1 29 
* 19
cob=(2)
cfi=(125) ./string/../sysdeps/x86_64/multiarch/strlen.c
cfn=(380) strlen
calls=1 29 
* 25
cob=(2)
cfi=(98) ./wcsmbs/../sysdeps/x86_64/multiarch/wcscat.c
cfn=(376) wcscat
calls=1 31 
* 18
cob=(2)
cfi=(124) ./string/../sysdeps/x86_64/multiarch/strcasecmp_l.c
cfn=(372) strcasecmp_l
calls=1 31 
* 21
cob=(2)
cfi=(123) ./string/../sysdeps/x86_64/multiarch/strcpy.c
cfn=(368) strcpy
calls=1 29 
* 17
cob=(2)
cfi=(121) ./wcsmbs/../sysdeps/x86_64/multiarch/wmemset.c
cfn=(364) wmemset
calls=2 31 
* 20
cob=(2)
cfi=(119) ./string/../sysdeps/x86_64/multiarch/memcmp.c
cfn=(360) bcmp
calls=1 29 
* 24
cob=(2)
cfi=(118) ./string/../sysdeps/x86_64/multiarch/strchrnul.c
cfn=(356) strchrnul
calls=1 31 
* 25
cob=(2)
cfi=(117) ./string/../sysdeps/x86_64/multiarch/strncase_l.c
cfn=(352) strncasecmp_l
calls=1 31 
* 21
cob=(2)
cfi=(115) ./string/../sysdeps/x86_64/multiarch/strcat.c
cfn=(348) strcat
calls=1 29 
* 17
cob=(2)
cfi=(114) ./wcsmbs/../sysdeps/x86_64/multiarch/wcscpy.c
cfn=(346) wcscpy
calls=1 60 
* 16
cob=(2)
cfi=(113) ./string/../sysdeps/x86_64/multiarch/strcspn.c
cfn=(344) strcspn
calls=1 29 
* 7
cob=(2)
cfi=(111) ./string/../sysdeps/x86_64/multiarch/strcasecmp.c
cfn=(340) strcasecmp
calls=1 31 
* 21
cob=(2)
cfi=(110) ./string/../sysdeps/x86_64/multiarch/strncmp.c
cfn=(338) strncmp
calls=1 67 
* 21
cob=(2)
cfi=(108) ./wcsmbs/../sysdeps/x86_64/multiarch/wmemchr.c
cfn=(334) wmemchr
calls=2 31 
* 46
cob=(2)
cfi=(106) ./string/../sysdeps/x86_64/multiarch/stpncpy.c
cfn=(330) stpncpy
calls=1 31 
* 19
cob=(2)
cfi=(105) ./wcsmbs/../sysdeps/x86_64/multiarch/wcscmp.c
cfn=(326) wcscmp
calls=1 30 
* 25
cob=(2)
cfi=(104) ./string/../sysdeps/x86_64/multiarch/strrchr.c
cfn=(322) rindex
calls=1 28 
* 25
cob=(2)
cfi=(102) ./debug/../sysdeps/x86_64/multiarch/memset_chk.c
cfn=(318) __memset_chk
calls=1 29 
* 24
cob=(2)
cfi=(101) ./string/../sysdeps/x86_64/multiarch/strchr.c
cfn=(316) index
calls=1 65 
* 19
cob=(2)
cfi=(98)
cfn=(310) wcschr
calls=2 31 
* 50
cob=(2)
cfi=(96) ./string/../sysdeps/x86_64/multiarch/memcmpeq.c
cfn=(306) memcpy@@GLIBC_2.14
calls=1 29 
* 22
cob=(2)
cfi=(94) ./wcsmbs/../sysdeps/x86_64/multiarch/wcsncpy.c
cfn=(302) wcsncpy
calls=1 31 
* 18
cob=(2)
cfi=(93) ./string/../sysdeps/x86_64/multiarch/memrchr.c
cfn=(298) memrchr
calls=1 29 
* 25
cob=(2)
cfi=(92) ./debug/../sysdeps/x86_64/multiarch/memcpy_chk.c
cfn=(294) __memcpy_chk
calls=1 29 
* 22
cob=(2)
cfi=(90) ./debug/../sysdeps/x86_64/multiarch/mempcpy_chk.c
cfn=(290) __mempcpy_chk
calls=1 29 
* 22
cob=(2)
cfi=(89) ./wcsmbs/../sysdeps/x86_64/multiarch/wcslen.c
cfn=(286) wcslen
calls=1 29 
* 19
cob=(2)
cfi=(87) ./string/../sysdeps/x86_64/multiarch/memset.c
cfn=(282) memset
calls=1 29 
* 24
cob=(2)
cfi=(85) ./wcsmbs/../sysdeps/x86_64/multiarch/wcsnlen.c
cfn=(278) wcsnlen
calls=1 30 
* 19
cob=(2)
cfi=(84) ./string/../sysdeps/x86_64/multiarch/strcmp.c
cfn=(276) strcmp
calls=1 79 
* 19
cob=(2)
cfi=(83) ./string/../sysdeps/x86_64/multiarch/strpbrk.c
cfn=(274) strpbrk
calls=1 29 
* 7
cob=(2)
cfi=(81) ./string/../sysdeps/x86_64/multiarch/strnlen.c
cfn=(270) strnlen
calls=2 31 
* 50
cob=(2)
cfi=(79) ./string/../sysdeps/x86/cacheinfo.c
cfn=(266) __x86_cacheinfo
calls=1 86 
* 28
fi=(5)
165 47
fi=(6)
479 47
fi=(5)
165 100
-14 84
fi=(6)
400 48
+2 64
+4 16
+9 16
-9 32
+9 16
fi=(5)
150 32
fi=(6)
320 28
+3 28
-36 75
fi=(5)
141 47
+1 47
-1 141
+2 47
fi=(6)
287 235
fe=(75)
175 63
+3 7
-1 7
+19 7
-18 14
356 20
+3 4
-3 4
+3 4
+4 8
+1 16
cfi=(138)
cfn=(422)
calls=4 117 
* 24
* 8
-63 6
fi=(5)
180 7
fe=(75)
+10 2
fi=(5)
73 1
fe=(75)
190 3
fi=(6)
436 7
fi=(5)
182 2
+1 2
-1 1
+3 1
-3 4
+3 2
-3 10
+1 10
-1 5
+3 5
-3 20
+3 10
+8 6
fi=(6)
+74 12
+7 12
+4 12
fe=(75)
170 24
fi=(4)
-30 18
fe=(75)
+31 12
+3 12
+8 12
-8 54
+12 12
-3 6
+1 6
+2 36
+4 24
-4 6
+4 18
cfi=(76)
cfn=(256)
calls=6 772 
* 2969
+3 6
+1 12
-4 6
+4 30
fi=(6)
+93 20
+3 2
-3 6
+3 2
-3 2
+5 4
+25 36
423 6
fi=(5)
196 18
-16 24
+31 7
fe=(75)
-33 7
-3 21

fl=(38)
fn=(110)
29 1
fi=(19) ./elf/../sysdeps/x86/get-isa-level.h
+2 1
fe=(38)
+7 1
fi=(19)
-8 4
fe=(38)
+22 1
fi=(19)
-20 3
+4 1
fe=(38)
+2 1
fi=(19)
-2 2
+3 4
+1 4
+5 1
fe=(38)
-7 1
fi=(19)
+7 3
fe=(38)
-2 1
fi=(19)
+5 2
+3 5
+2 4
+1 2
+1 2
+3 1
fe=(38)
-10 1
fi=(19)
+10 3
fe=(38)

fl=(69)
fn=(214)
30 26
+4 2
+1 4
+10 4
+18 2
-17 2
+17 10

fl=(9) ./elf/../sysdeps/unix/sysv/linux/dl-sysdep.c
fn=(16) _dl_sysdep_start
102 5
+4 1
-4 1
+1 1
+3 1
cfn=(18) _dl_sysdep_parse_arguments
calls=1 -28 
* 389
+4 2
cfi=(11)
cfn=(22)
calls=1 261 
* 22271
+3 1
cfi=(13)
cfn=(26) _dl_sort_maps_init
calls=1 289 
* 38
+2 2
cfi=(14) ./elf/../sysdeps/unix/sysv/linux/brk.c
cfn=(30) brk
calls=1 -79 
* 8
fi=(6)
220 1
cfi=(15)
cfn=(34) _dl_x86_init_cpu_features
calls=1 37 
* 7349
fe=(9)
-98 3
+1 1
cfi=(22)
cfn=(62)
calls=1 -66 
* 17
* 1
+2 2
cfi=(23) ./elf/../misc/sbrk.c
cfn=(64) sbrk
calls=1 -88 
* 16
* 3
+12 3
+3 5
cfi=(2)
cfn=(66) dl_main
calls=1 1346 
* 108146
+3 4

fn=(18)
78 1
+2 1
-2 6
+1 1
+1 1
-1 1
+2 2
+2 1
-2 1
+2 2
-1 1
+1 2
-1 36
+1 72
+7 56
fi=(10) ./elf/../sysdeps/unix/sysv/linux/dl-parse_auxv.h
-49 1
fe=(9)
+45 1
fi=(10)
-54 1
fe=(9)
+54 1
fi=(10)
-54 1
+1 1
+1 1
+7 3
+1 40
+1 20
-2 20
+2 20
-2 61
fe=(9)
+52 3
+1 1
+1 2
fi=(10)
-49 1
+1 1
fe=(9)
+46 1
fi=(10)
-45 1
+3 1
+1 1
+1 1
+1 1
+2 1
-5 1
-4 1
+1 1
+4 1
+1 1
+3 1
-7 1
-4 1
+1 1
+8 1
fe=(9)
+40 1
-1 1
+2 1
+1 6

fn=(466) _dl_sysdep_start_cleanup
147 1
+1 1

fl=(63) ./io/../sysdeps/unix/sysv/linux/access.c
fn=(192) access
25 1
+2 7
+4 1

fl=(71) ./elf/./elf/dl-version.c
fn=(226) _dl_check_all_versions
392 7
+4 5
-2 1
+4 24
cfn=(228) _dl_check_map_versions
calls=4 155 
* 4284
-2 4
+2 12
-1 4
-1 8
+5 7

fn=(228)
155 40
+15 12
+2 20
+2 4
+1 4
+2 8
+3 4
-16 4
+20 2
-4 2
-24 2
+28 14
+16 4
36 2
200 2
36 14
+1 5
-1 10
+2 21
cfi=(51)
cfn=(156)
calls=7 +30 
* 674
* 16
208 6
+5 2
fi=(234) ./elf/../sysdeps/generic/_itoa.h
76 6
fe=(71)
213 4
+4 4
+1 4
-1 4
+4 2
-3 2
+3 2
-3 6
-1 12
+1 12
-1 12
+4 6
-3 6
+3 6
-3 43
56 32
+8 24
+6 24
+16 8
+1 16
+2 8
+5 56
+14 178
+12 243
+4 81
-30 162
231 32
+3 24
+5 6
-24 6
110 8
+3 40
cfi=(32)
cfn=(94)
calls=8 -15 
* 378
* 24
224 24
+4 4
+15 6
+14 10
+3 4
+3 14
+3 8
+4 2
-7 8
+3 6
+4 44
-7 176
+3 134
+8 6
+6 6
fi=(28)
44 3
fe=(71)
280 6
fi=(28)
44 3
cfi=(27)
cfn=(74)
calls=3 +36 
* 123
fe=(71)
281 6
-2 3
fi=(28)
44 3
fe=(71)
281 3
+13 3
-3 3
+3 12
+2 6
+3 8
+4 6
+7 8
+1 8
-1 24
+1 8
+1 8
-2 8
+2 16
+1 24
+3 24
+5 6
-15 6
+2 6
-2 6
+2 6
-2 6
+2 12
-2 2
+2 2
-2 2
+2 2
-2 2
+2 4
+16 6
+10 4
+3 4
+4 46
+6 46
+1 46
+1 46
-1 138
+1 46
-1 46
+1 46
+1 46
+3 138
+4 46
-14 96
+10 6
+12 4
+1 4
+1 4
+1 2
+19 36
164 2
-8 2
257 5
+17 3
+60 2
-40 2
+76 4
+2 4
+4 2
-4 120
+1 60
+2 1
+1 2
-1 1
+1 1
cfi=(32)
cfn=(230)
calls=1 98 
* 32
* 2

fl=(39)
fn=(120)
25 5
+1 3
+21 1
-20 1
+20 3

fn=(114)
51 110
-25 44
+36 5
-7 5
+7 35
-26 24
+5 27
cfi=(41)
cfn=(118)
calls=9 -9 
* 216
* 9
+1 18
+3 6
+11 12
+1 18
+1 12
-2 6
+1 9
+1 6
-28 24
+4 48
+1 12
-1 30
+24 6
+9 12
-5 6
-2 6
+2 42
-19 6
cfi=(22)
cfn=(62)
calls=3 +14 
* 51
* 6

fl=(68)
fn=(210)
25 4
+1 8
+1 2

fl=(41)
fn=(118)
32 14
+1 14
+1 14
+1 14
+1 14
+1 14
+1 14
+1 14
+1 14
+1 14
+1 14
+1 14
+1 14
+1 14
+1 14
+1 14
+1 14
+1 14
+1 12
+4 12
+1 12
+1 12
+1 12
+2 12
+4 2
+1 2
+1 2
+1 2
+1 2
+1 2
+1 2
+1 2
+1 2
+1 2
+1 2
+1 2
+1 2
+1 2
+1 2
+1 2
+1 2
+1 2
+1 2
+1 2
+1 2
+1 2
+1 2
+1 2
+52 2
+4 2
+1 2
+1 2
+1 2
+2 2

fl=(54)
fn=(166)
25 2
+1 8
+1 2

fl=(58)
fn=(176)
33 2
+2 7
-2 4
+7 1
-7 2
+7 1
-7 2
+7 1
-7 1
+7 1
cfi=(11)
cfn=(28)
calls=1 387 
* 24
* 3
+7 1
+2 6

fl=(20) ./elf/../sysdeps/x86/dl-cacheinfo.h
fn=(50) handle_intel.constprop.0
255 24
-5 12
+17 12
-17 96
+11 12
+1 12
+5 36
+4 24
+34 96
-29 12
+3 24
-3 12
+3 36
cfn=(52) intel_check_word.constprop.0
calls=12 123 
* 4092
+2 24
+3 60
cfn=(52)
calls=12 123 
* 1272
+2 24

fn=(52)
123 48
-4 72
+10 24
-10 96
+10 48
-10 24
+10 24
-10 24
+10 24
+2 48
+71 48
fi=(21) ./elf/../bits/stdlib-bsearch.h
32 24
fe=(20)
202 120
-71 96
+2 60
+2 120
+8 120
+51 96
+22 48
fi=(21)
28 48
-1 96
+2 216
+2 168
+1 84
fe=(20)
+78 168
+3 324
fi=(21)
-78 264
-6 528
+2 480
+1 240
fe=(20)
+78 480
+15 12
246 144
fi=(21)
37 120
fe=(20)
155 36
+3 36
-6 12
+3 39
+9 18
+23 21
-32 63
+3 63
+4 58
+2 116
+3 84
+1 48
+1 48
+1 30
+2 11
+2 22
+6 14
+3 8
+1 12
-20 15
+12 4
+2 4
+1 4
-2 4
-1 4
+2 8
-2 4
+3 4
-2 12
+2 12
+11 2
-9 12

fn=(56) get_common_cache_info.constprop.0
571 11
+17 1
+1 1
+9 1
-12 1
+2 1
+2 1
+8 1
-11 1
+3 1
+11 2
-5 3
+17 1
+5 3
+4 2
770 5
+1 5
+4 2
+8 1
-1 1
+1 1
+1 1
+1 7
627 5
+3 6
-32 5
+75 4
+8 5
+2 2
-2 1
+6 3
+3 1
+1 5
-4 4
+21 2
-21 4
+2 1
+2 4
-4 1
+6 4
+3 2
+5 1
+2 2
+1 1
+1 1
-2 2
+1 1
-19 4
+46 2
+1 1
+1 2
+1 1
+25 3
630 3
+10 6
+14 2
+4 1
+3 1
+1 1
-4 2
+3 3
+6 4
-37 12
+7 6
-7 3
+7 2
+3 20
+5 2
+4 1
+1 1
-1 2
+1 1
+61 2
+7 1
+2 2
-16 1
+22 1
-6 2
+1 1
+5 1
-30 5

fl=(16) ./elf/../sysdeps/x86/cpu-features.c
fn=(42) update_active.constprop.0
72 8
+4 1
+37 1
+4 1
-31 1
-1 1
-1 1
+25 1
-14 1
-10 1
-1 2
+25 1
-24 1
+19 1
-10 1
+9 1
+6 1
+7 1
-22 1
+9 1
+13 2
-4 1
-18 1
+22 1
-13 1
+9 1
+4 1
+5 1
-9 1
+9 2
-4 1
+4 2
+1 1
-28 1
+28 1
-19 1
+6 1
+3 1
+10 1
+2 1
-1 1
+6 1
-5 1
-1 2
+5 1
+2 1
-2 4
+1 1
+1 1
-1 2
+1 1
-1 1
+3 2
+1 4
+14 2
356 2
+4 3
fi=(18) ./elf/../sysdeps/unix/sysv/linux/x86/dl-hwcap2.h
25 2
fi=(19)
+5 1
-2 1
+2 3
fe=(16)
369 1
+1 8
151 2
+1 2
-1 5
+1 2
+2 3
+90 1
+1 1
-1 2
+17 4
+16 2
+5 1
-1 2
+4 4
+4 2
+4 3
+1 2
+3 1
-1 1
+9 1
-5 1
+2 1
-2 1
+5 1
+51 1
fi=(19)
31 1
fe=(16)
356 2
fi=(19)
32 3
+4 3
fe=(16)
158 4
+3 1
+3 2
+14 1
+2 1
+10 3
-12 1
+12 1
-12 1
+2 2
-2 1
+2 1
+8 1
-8 1
+6 3
+2 1
-2 1
+2 3
+7 5
fi=(19)
39 2
+1 4
-2 1
+7 4
+2 1
+1 2
+3 5
+2 4
+1 2
+1 2
+3 1
-1 1
+1 3
fe=(16)
171 1
-5 2
+4 1

fn=(36) init_cpu_features.constprop.0
682 1
+17 1
-17 7
+3 1
+1 1
+1 1
+3 1
+9 2
+3 6
1001 3
+1 2
+3 2
+1 2
+6 1
+1 1
+1 1
+1 1
fi=(20)
792 1
+1 1
+2 1
+14 2
+85 1
+1 1
+15 1
-5 1
+5 1
-10 1
-6 1
+2 1
+14 1
-15 1
+2 1
-1 1
+2 1
-1 1
+2 1
-1 1
+1 1
+2 1
+1 1
+1 1
+1 1
+35 2
-15 3
+8 2
+27 6
+9 2
+19 2
+8 6
cfi=(11)
cfn=(28)
calls=1 387 
* 23
* 1
+2 2
+3 4
cfi=(11)
cfn=(28)
calls=1 387 
* 23
* 1
+2 2
+3 4
cfi=(11)
cfn=(28)
calls=1 387 
* 23
* 1
+1 5
+16 2
-12 5
cfi=(11)
cfn=(28)
calls=1 387 
* 23
* 1
+1 3
+6 3
+3 1
-3 2
cfi=(11)
cfn=(28)
calls=1 387 
* 23
* 1
+3 5
-3 1
+3 5
cfi=(11)
cfn=(58)
calls=1 153 
* 62
+1 10
cfi=(11)
cfn=(58)
calls=1 153 
* 62
+1 11
cfi=(11)
cfn=(58)
calls=1 153 
* 62
+3 10
cfi=(11)
cfn=(58)
calls=1 153 
* 62
+2 10
cfi=(11)
cfn=(58)
calls=1 153 
* 62
+13 1
+2 1
fe=(16)
-23 1
fi=(20)
+21 1
+3 1
fe=(16)
-24 1
fi=(20)
+26 1
-5 1
+2 1
-2 1
+3 1
fe=(16)
-24 1
fi=(20)
+25 1
+3 1
-1 1
fe=(16)
-27 1
cfi=(11)
cfn=(28)
calls=1 387 
* 22
+3 4
cfi=(11)
cfn=(28)
calls=1 387 
* 24
+6 3
+54 1
-1 1
+1 1
+45 4
cfi=(11)
cfn=(28)
calls=1 387 
* 22
+2 4
cfi=(11)
cfn=(28)
calls=1 387 
* 22
+6 4
cfi=(11)
cfn=(28)
calls=1 387 
* 24
+7 8
fi=(20)
974 12
fe=(16)
+68 1
-1 2
+1 3
+44 3
+27 2
-10 2
+1 2
+2 3
+1 2
+2 3
+1 2
fi=(20)
811 2
cfn=(50)
calls=1 255 
* 455
+1 1
-1 1
+1 1
cfn=(50)
calls=1 255 
* 503
+1 1
-1 1
+1 1
cfn=(50)
calls=1 255 
* 530
+4 1
-4 1
+1 2
+3 1
cfn=(50)
calls=1 255 
* 476
+2 1
-2 1
+2 1
cfn=(50)
calls=1 255 
* 468
+3 1
-3 1
+1 2
+2 1
cfn=(50)
calls=1 255 
* 446
+2 1
-2 1
+2 1
cfn=(50)
calls=1 255 
* 447
+3 1
-2 1
-1 1
+3 1
cfn=(50)
calls=1 255 
* 494
+2 1
-2 1
+2 1
cfn=(50)
calls=1 255 
* 495
+1 1
+2 1
-3 1
+1 1
+2 1
cfn=(50)
calls=1 255 
* 521
+2 1
-2 1
+2 1
cfn=(50)
calls=1 255 
* 522
+2 1
-2 1
+2 1
cfn=(50)
calls=1 255 
* 523
+2 4
-2 1
+2 1
cfn=(56)
calls=1 571 
* 223
+93 1
-6 3
+6 1
-6 2
+6 2
-6 2
+6 2
-1 2
fe=(16)
708 6
cfn=(38) get_common_indices.constprop.0
calls=1 398 
* 74
376 3
+1 2
+1 6
+5 2
713 1
cfn=(42)
calls=1 72 
* 222
+2 1
+2 1
1015 1
715 2
878 2
+7 2
+2 2
+4 2
+6 2
+2 1
706 2
-3 1
384 6
+5 2
+1 7
717 1
fi=(20)
987 1
-48 1
fe=(16)
717 1
fi=(20)
987 2
fe=(16)
717 6
+4 7
+78 1
-25 3
+92 2
+3 2
fi=(20)
+38 1
fe=(16)
-37 1
-89 2
+51 2

fn=(38)
398 3
+4 4
+3 3
+5 2
-5 1
+5 1
-5 1
+4 1
+1 1
+1 4
+1 4
+1 3
+1 2
+7 2
+2 5
+5 1
-5 1
+5 1
-5 1
+5 1
-5 2
+5 1
+7 1
-7 4
+7 1
+1 3
+6 1
-6 4
+6 1
fi=(17) ./elf/../sysdeps/unix/sysv/linux/x86/dl-minsigstacksize.h
24 2
+3 2
+1 2
+37 3
+7 1
+2 1
fe=(16)
457 3

fl=(14)
fn=(30)
36 1
fi=(235) ./elf/../sysdeps/unix/sysv/linux/brk_call.h
-12 2
fe=(14)
+13 1
+1 2
+6 1
+1 1

fl=(13)
fn=(26)
289 2
+1 2
-1 2
+1 2
cfi=(11)
cfn=(28)
calls=1 +97 
* 24
+2 3
-1 1
+2 2

fn=(220) dfs_traversal.part.0
135 72
+10 8
-2 8
+2 16
+2 20
-7 20
+7 40
+9 16
+15 24
+1 8
+1 48
-17 12

fn=(218)
298 24
+8 2
-8 2
+8 4
+4 16
-99 2
-28 2
-2 2
+1 4
+29 2
-28 8
+1 2
-1 2
+1 2
-1 4
+1 6
-1 6
+1 6
-1 12
+28 30
+8 6
-3 2
+2 2
+1 4
-3 2
+5 26
+2 8
-83 40
cfn=(220)
calls=8 -5 
* 292
+86 24
+18 8
+32 8
+7 2
+27 2
-47 6
cfi=(29)
cfn=(82)
calls=2 -53 
* 22
* 2

fl=(25) ./elf/./elf/dl-environ.c
fn=(70) _dl_next_ld_env_entry
28 2
+1 2
+3 43
+13 36
-13 72
+2 74
+1 14
+5 1
-3 1
+3 1
+2 1

fl=(22)
fn=(62)
57 12
+44 12
+1 12
+1 12
+1 12
+1 12
+1 12
+1 12
+2 12
+2 12
+31 12
+1 12
+1 12
+1 12
+1 12
+1 6
+2 6
+4 6
+1 6
+1 6
+1 6
+1 6
+1 6
+1 6
+1 6
+1 6
+1 6
+1 6
+1 6
+5 48

fl=(47)
fn=(468)
41 3
+4 12
+1 3
+1 15

fn=(528) _dl_audit_preinit
118 1
+1 4

fn=(190)
77 2
+1 8

fn=(828)
97 4
+1 16

fn=(140) _dl_audit_activity_map
29 2
+2 1
-2 5
+1 1
+1 2
+6 6

fl=(225)
fn=(802)
24 32
+4 8
+6 4
-2 4
+3 8
+3 2
+1 2
-1 2
+1 4
+3 8
+1 2
cob=(4)
cfi=(154)
cfn=(830) 0x00000000000010d0
calls=1 -43 
* 98
cob=(5)
cfi=(159)
cfn=(804) 0x0000000000001260
calls=1 -43 
* 98
-1 8
+5 4
+1 8
+1 4
+1 10
-1 2
cob=(3)
cfi=(151)
cfn=(846) 0x000000000483d298
calls=1 -49 
* 4
cob=(3)
cfi=(151)
cfn=(826) 0x0000000000109758
calls=1 -49 
* 4
+1 12

fl=(23)
fn=(64)
37 4
+3 1
-3 2
+21 2
+4 2
+16 5

fl=(52)
fn=(160)
40 12
+1 2
cfi=(22)
cfn=(62)
calls=2 +16 
* 70
* 2
fi=(236) ./string/../include/rtld-malloc.h
+15 4
cfi=(27)
cfn=(78)
calls=2 -20 
* 60
fe=(52)
-12 4
+3 6
+1 6
-1 2
cfi=(29)
cfn=(82)
calls=2 210 
* 30

fl=(2)
fn=(142) handle_preload_list
869 11
+5 1
-5 2
+5 2
-4 3
+7 3
cfi=(48)
cfn=(144)
calls=1 32 
* 268
* 1
+1 3
+9 1
183 1
889 2
183 2
891 2
-80 1
+5 1
-6 1
-4 1
+10 2
-6 1
+4 1
+2 2
-5 1
+1 1
+4 1
cfi=(49)
cfn=(146)
calls=1 254 
* 2754
+1 3
+8 3
+67 1
-18 2
+21 9
-15 4
cfi=(29)
cfn=(82)
calls=1 210 
* 19
+1 2

fn=(2)
517 16
85 1
547 4
85 1
543 1
fi=(6)
55 1
fe=(2)
+30 1
546 1
85 1
fi=(3) ./elf/./get-dynamic-info.h
-40 1
fe=(2)
546 1
fi=(3)
45 2
+23 18
-23 72
+4 36
+3 5
-1 10
+3 20
+1 16
+1 5
fi=(4)
+23 1
fi=(3)
+31 1
-38 3
+12 4
+1 3
+1 4
+1 4
+1 5
+1 3
+1 4
+1 4
+12 7
+7 2
-51 4
+64 3
+6 3
+1 3
+3 2
+1 3
+5 5
+3 5
fe=(2)
563 154
fi=(4)
79 1
fe=(2)
563 1
fi=(4)
79 2
fe=(2)
563 27
fi=(6)
287 3
fi=(5)
49 1
fe=(2)
563 1
fi=(5)
50 1
-1 2
+4 1
-3 1
+3 4
+3 2
-7 1
fe=(2)
563 1
fi=(5)
50 1
-1 2
+4 1
-3 1
+3 4
+3 2
+7 3
+2 3
-2 6
fi=(6)
278 3
fi=(5)
64 6
fi=(6)
278 6
+9 24
+3 6
+1 6
+26 8
+6 2
fi=(5)
61 13
fe=(2)
563 6
fi=(5)
51 1
fi=(4)
+28 2
fi=(3)
-17 4
+2 4
fe=(2)
565 1
+13 1
cfi=(7) ./elf/./elf/dl-minimal.c
cfn=(12) __rtld_malloc_init_stubs
calls=1 42 
* 10
458 2
85 1
476 2
85 3
476 1
cfi=(8)
cfn=(14)
calls=1 25 
* 27
+2 1
+16 2
-17 1
+11 1
-10 1
+16 1
cfi=(9)
cfn=(16)
calls=1 102 
* 138271
* 1
+2 2
+89 9
fi=(3)
103 3
fe=(2)

fn=(224)
674 2
+2 1
-2 4
+2 3
cfi=(71)
cfn=(226)
calls=1 392 
* 4356
* 2
+4 3

fn=(66)
1346 2
197 1
1346 11
199 1
302 1
+1 1
197 1
+99 3
1357 1
cfi=(24)
cfn=(68)
calls=1 53 
* 17
2749 1
2538 1
2749 2
2598 1
+2 2
+15 1
-13 2
cfi=(25)
cfn=(70)
calls=1 28 
* 241
* 2
cfi=(25)
cfn=(70)
calls=1 28 
* 6
* 6
+4 3
-2 1
+2 3
+1 1
-1 3
+1 6
-1 32
+9 6
2727 3
1373 1
+1 2
-1 2
+1 2
2640 2
+10 2
1637 9
cfi=(26)
cfn=(72)
calls=1 59 
* 210
* 1
+2 2
+1 3
+6 1
-5 2
+1 3
+4 1
cfi=(26)
cfn=(84)
calls=1 31 
* 42
+1 2
1116 1
-1 1
1351 1
1143 1
-21 2
+21 2
-19 1
+1 1
-3 1
+21 2
+57 1
-82 1
+25 1
-3 1
+4 1
+19 1
+37 4
-56 102
+56 4
-1 4
+1 8
-1 4
+2 8
+1 1
+2 12
+1 14
+4 8
+1 8
+1 4
+4 12
-72 27
1253 2
+1 22
+6 4
cfi=(30)
cfn=(88)
calls=1 868 
* 90
-7 26
+1 13
+6 13
-6 26
fi=(31)
235 4
+1 2
-87 4
fe=(2)
1148 1
-5 1
+5 2
-5 2
+30 1
-9 2
+2 1
-3 1
+10 2
+18 2
-38 2
-10 1
+10 1
+1 9
-11 2
+1 14
1247 1
1143 1
1247 2
1143 3
1266 4
+3 3
+2 3
1672 3
+2 2
-1 1
+1 1
+1 3
-2 2
cfi=(32)
cfn=(94)
calls=1 98 
* 25
* 2
+7 1
+3 1
-5 1
+3 1
+2 1
+1 2
+4 2
+2 2
fi=(3)
39 4
+4 1
+2 1
+9 1
+1 1
-10 2
+23 26
-23 104
+4 52
+3 6
-1 12
+3 24
+1 20
fe=(2)
1243 1
1143 1
1243 1
1143 2
fi=(3)
72 4
+43 2
+7 3
+1 4
+6 3
+18 4
+5 2
+2 2
+2 2
+2 2
+1 2
+3 4
+2 3
+1 2
+9 2
+6 2
+1 3
+3 3
fe=(2)
1698 4
+7 2
cfi=(8)
cfn=(14)
calls=1 25 
* 27
+3 2
fi=(33) ./elf/./setup-vdso.h
24 2
fi=(36) ./elf/./dl-main.h
+85 2
fi=(35) ./elf/../sysdeps/unix/sysv/linux/dl-vdso-setup.h
-64 1
fi=(36)
+64 3
cfi=(30)
cfn=(106)
calls=1 706 
* 1539
fe=(2)
1733 3
cfi=(44)
cfn=(132)
calls=1 56 
* 34
+7 1
-5 1
-2 1
+7 1
+4 1
+1 1
+2 1
-3 3
+1 2
+3 1
+11 1
-13 1
+13 1
+1 2
+5 1
-3 2
+2 1
+1 2
+5 3
+1 5
-1 2
224 1
+1 1
-1 1
+1 3
+1 2
1788 2
+5 1
-1 1
1352 1
1793 1
+24 1
cfi=(45)
cfn=(134) _dl_count_modids
calls=1 192 
* 6
* 1
fi=(46) ./elf/../sysdeps/generic/dl-debug.h
29 4
+1 1
fe=(2)
1823 1
+1 1
cfi=(44)
cfn=(138)
calls=1 116 
* 2
+1 1
+4 3
cfi=(47)
cfn=(140)
calls=1 29 
* 17
+5 3
+2 1
+2 2
+9 2
+16 4
cfi=(63)
cfn=(192)
calls=1 25 
* 9
* 2
+76 4
+16 3
85 1
1965 1
85 2
1965 1
85 1
1965 5
85 1
1965 2
cfi=(64)
cfn=(194)
calls=1 143 
* 6457
92 1
+9 1
1971 1
92 2
+9 2
1971 2
+1 6
-1 4
+1 6
-1 12
+4 3
+1 2
+1 1
+2 14
+1 6
+46 1
-42 2
+8 3
+1 2
+2 1
+2 3
+2 1
-4 1
+5 1
-1 2
+14 2
+1 2
+1 3
-25 1
+36 2
+2 1
-2 1
+2 2
-2 1
+1 2
+1 1
-1 2
+1 1
cfi=(49)
cfn=(222)
calls=1 186 
* 4393
+10 1
+1 1
-1 1
+1 1
+3 2
837 1
fi=(237) ./elf/../sysdeps/unix/sysv/linux/dl-osinfo.h
39 2
fe=(2)
839 1
fi=(237)
52 1
fe=(2)
848 1
+7 1
-5 1
2047 3
2246 2
+4 1
-4 1
+10 1
-6 1
+6 1
-6 1
+9 2
+8 2
fi=(31)
36 2
+1 3
+3 3
+13 6
-13 3
+9 6
-9 1
+9 16
+4 12
-16 12
+34 1
fe=(2)
2279 1
fi=(31)
71 1
cfi=(74)
cfn=(246)
calls=1 361 
* 55
fe=(2)
2282 1
-3 2
+5 1
-2 2
+2 2
+1 6
cfi=(75)
cfn=(248)
calls=1 207 
* 67964
85 2
2292 1
85 2
2292 1
+1 17
+2 8
+5 8
+2 8
+6 4
+2 8
+1 24
cfi=(75)
cfn=(248)
calls=3 207 
* 15547
+4 10
+1 2
-23 1
+23 1
cfi=(45)
cfn=(424) _dl_add_to_slotinfo
calls=1 1017 
* 28
-23 3
92 3
+1 1
2325 1
93 1
2325 1
+4 4
+2 1
+7 4
cfi=(45)
cfn=(426) _dl_allocate_tls_init
calls=1 523 
* 149
+3 2
+4 3
+2 2
+33 3
cfi=(145)
cfn=(450)
calls=1 27 
* 603
+7 1
cfi=(9)
cfn=(466)
calls=1 147 
* 2
+3 3
cfi=(47)
cfn=(468)
calls=1 41 
* 11
+4 2
cfi=(44)
cfn=(188)
calls=1 38 
* 7
+1 1
-1 1
+2 1
cfi=(44)
cfn=(138)
calls=1 116 
* 2
+1 1
+4 1
cfi=(65)
cfn=(470)
calls=1 525 
* 19
+5 8
2304 1
+1 1
-3 2
226 2
-2 1
+1 1
1773 1
+6 1
-6 2
+6 1
fi=(3)
56 5
+3 4
fi=(34) ./elf/../sysdeps/unix/sysv/linux/dl-vdso.h
-19 2
+1 5
fi=(35)
-11 1
+3 1
+3 1
+3 1
fi=(34)
+16 2
fi=(3)
+17 3
+12 3
+1 5
+1 5
+1 5
+1 4
+1 5
+1 5
+1 5
+12 2
+7 1
-7 7
+7 2
fe=(2)
1743 4
2357 1
cfi=(139)
cfn=(428)
calls=1 561 
* 581
+5 3
cfi=(7)
cfn=(436) __rtld_malloc_init_real
calls=1 76 
* 2479
+3 1
cfi=(143)
cfn=(444)
calls=1 30 
* 503
85 1
2371 1
+1 3
85 3
2372 2
cfi=(75)
cfn=(248)
calls=1 207 
* 1613
92 3
+9 3
2040 2
cfn=(232) init_tls
calls=1 734 
* 831
* 2
2650 2
+2 2
+1 1
fi=(3)
62 4
+2 4
fe=(2)
1943 10
85 1
1842 2
85 3
1842 2
cfn=(142)
calls=1 869 
* 3112
* 1
92 3
+9 3
1943 6
+1 1
-1 1
+4 3
+1 1
+1 2
+1 2
-7 2

fn=(232)
734 1
+6 1
-6 3
+2 2
+4 2
+11 1
fi=(28)
44 1
fe=(2)
746 1
+4 1
fi=(28)
44 1
cfi=(27)
cfn=(74)
calls=1 +36 
* 41
fe=(2)
761 1
-12 1
+6 1
-9 1
+11 1
+4 1
+2 3
-1 2
+3 8
+4 1
+2 1
-2 2
-5 1
-1 2
+10 3
+3 2
cfi=(45)
cfn=(234) _dl_tls_static_surplus_init
calls=1 97 
* 86
+3 1
cfi=(45)
cfn=(236) _dl_determine_tlsoffset
calls=1 216 
* 79
+7 1
cfi=(45)
cfn=(238) _dl_allocate_tls_storage
calls=1 417 
* 469
* 1
+1 2
+6 1
fi=(72) ./elf/../sysdeps/generic/dl-call_tls_init_tp.h
31 2
fe=(2)
793 1
fi=(72)
31 6
+2 1
cfi=(24)
cfn=(242)
calls=1 +35 
* 79
fe=(2)
800 1
-3 1
+3 4
-36 3
-1 7

fn=(152)
641 2
+2 1
-2 4
+2 1
+1 2
-1 2
+1 3
cfi=(30)
cfn=(154)
calls=1 1967 
* 2643
* 1
+2 3

fl=(45)
fn=(134)
192 1
+2 2
+1 1
+15 2

fn=(426)
523 11
+1 2
+4 1
+6 1
-6 1
+6 1
cfi=(24)
cfn=(86)
calls=1 42 
* 3
+3 3
+12 1
-18 1
+42 3
-19 12
+9 3
+1 2
+6 3
+3 1
-2 1
+2 1
-2 1
+2 4
+4 1
-4 1
+4 1
-1 2
+4 2
+1 4
+2 2
+1 2
+17 1
-8 1
+8 1
+2 4
cfi=(29)
cfn=(126)
calls=1 197 
* 13
* 6
cfi=(43)
cfn=(130)
calls=1 132 
* 25
-49 1
+55 1
-55 4
+6 5
+55 2
cfi=(24)
cfn=(86)
calls=1 42 
* 3
+3 2
+3 9

fn=(234)
97 2
+3 1
-3 3
+3 1
-3 1
+3 1
-3 1
+3 1
-3 1
+3 1
cfi=(11)
cfn=(28)
calls=1 387 
* 23
* 1
+1 4
cfi=(11)
cfn=(28)
calls=1 387 
* 23
+1 1
+2 1
-3 1
+1 2
+2 3
+3 1
+2 1
-26 3
+28 3
+1 6

fn=(236)
216 9
+6 4
+3 2
+36 3
+2 1
-2 1
-2 1
-40 1
-1 1
-1 1
+46 2
+23 3
+3 1
-3 5
+2 2
+6 1
-33 2
+20 1
-20 5
+2 2
+3 1
-1 1
+5 2
-5 1
+1 1
-1 1
+3 2
+2 3
+32 2
-1 1
+53 1
-52 5
+2 2
+51 8

fn=(238)
417 7
+2 1
+11 1
+1 1
fi=(28)
56 1
cfi=(27)
cfn=(78)
calls=1 -20 
* 85
fe=(45)
432 2
+8 3
fi=(28)
44 1
fe=(45)
440 2
+5 1
-5 1
+1 1
+4 304
+19 1
-99 1
+4 1
+1 1
fi=(28)
44 1
cfi=(27)
cfn=(74)
calls=1 +36 
* 41
fe=(45)
371 2
+3 1
+6 2
+90 7

fn=(424)
1017 8
+9 1
-9 1
+6 1
+4 1
+4 3
+34 2
+3 2
+1 3
+3 6

fn=(212)
125 1
+16 1
-13 1
-3 3
+3 1
+55 1
-2 1
+5 1
+1 2

fl=(7)
fn=(440) lookup_malloc_symbol
61 8
+3 4
-3 12
+3 4
-3 12
+3 4
-3 4
+2 4
+1 16
cfi=(76)
cfn=(256)
calls=4 772 
* 2196
+4 28
+1 28
+2 4
fi=(142) ./elf/./dl-sym-post.h
-30 8
+12 12
fe=(7)
+19 24

fn=(436)
76 2
+10 1
fi=(141) ./elf/../sysdeps/generic/dl-hash.h
-41 1
-1 1
fe=(7)
+32 8
+11 1
-1 1
fi=(141)
-43 1
+5 3
+14 4
-17 3
+3 15
+14 20
-17 15
fe=(7)
+46 2
fi=(141)
-24 1
fe=(7)
+22 1
+2 2
fi=(141)
-19 1
fe=(7)
+19 1
cfn=(440)
calls=1 -30 
* 574
+1 3
-1 1
+1 1
cfn=(440)
calls=1 -31 
* 563
+1 3
-1 1
+1 1
cfn=(440)
calls=1 -32 
* 648
+1 3
-1 1
+1 1
cfn=(440)
calls=1 -33 
* 583
+5 1
+1 1
+1 1
+1 1
+1 8

fn=(12)
42 1
+1 2
+1 2
+1 2
+1 2
+1 1

fl=(62)
fn=(186)
25 3
+1 12
+1 3

fl=(15)
fn=(34)
37 1
+2 3
+2 1
cfi=(16)
cfn=(36)
calls=1 682 
* 7344

fn=(448)
71 1
-32 3
+32 2

fl=(43)
fn=(130)
132 7
+1 35
+5 7
+1 7
+3 2
+1 2
244 2
+1 2
+12 2
+3 2
+1 2
+12 2
+1 2
+13 2
+1 2
+2 2
+3 1
+3 2
+3 1
+1 1
+1 1
+1 1
+1 1
+1 1
+1 1
-6 34
+1 34
+1 34
+1 34
+1 34
+1 34
+1 34
+3 2
+1 2
+1 2
+1 2
+5 2
+34 5
+2 5
+1 5
+39 5
+1 5
+2 5

ob=(4)
fl=(154)
fn=(840) 0x0000000000001060
0 5

fn=(490)
0 12

fn=(830)
0 9
cob=(3)
cfi=(151)
cfn=(836) 0x000000000483d030
calls=1 0 
0 80
0 1
cfn=(840)
calls=1 0 
0 5
0 3

ob=(3)
fl=(151)
fn=(462) 0x000000000486f720
0 40
cob=(1)
cfi=(11)
cfn=(28)
calls=20 387 
0 469

fn=(500) 0x000000000486f660
0 2
cob=(2)
cfi=(157) ./string/../sysdeps/x86_64/multiarch/strrchr-avx2.S
cfn=(502) __strrchr_avx2
calls=1 53 
0 26

fn=(570) 0x000000000486f740
0 800
cob=(2)
cfi=(174) ./string/../sysdeps/x86_64/multiarch/memset-vec-unaligned-erms.S
cfn=(572) __memset_avx2_unaligned_erms
calls=400 158 
0 42218

fn=(738) 0x0000000000109180
0 320000
cob=(2)
cfi=(212) ./stdio-common/./stdio-common/fprintf.c
cfn=(740) fprintf
calls=160000 27 
0 96210945

fn=(646) 0x000000000486f430
0 8
cob=(2)
cfi=(191) ./string/../sysdeps/x86_64/multiarch/memmove-vec-unaligned-erms.S
cfn=(648) __mempcpy_avx_unaligned_erms
calls=4 242 
0 56

fn=(666) 0x0000000000109150
0 4
cob=(2)
cfi=(193) ./stdio-common/./stdio-common/printf.c
cfn=(668) printf
calls=2 28 
0 2158

fn=(760) 0x0000000000109130
0 2
cob=(2)
cfi=(218) ./libio/./libio/iofclose.c
cfn=(762) fclose@@GLIBC_2.2.5
calls=1 34 
0 687

fn=(846)
0 4

fn=(486)
0 7

fn=(578) 0x000000000486f500
0 8
cob=(2)
cfi=(176) ./string/../sysdeps/x86_64/multiarch/strlen-avx2.S
cfn=(580) __strlen_avx2
calls=4 52 
0 56

fn=(684) 0x000000000486f6b0
0 640246
cob=(2)
cfi=(191)
cfn=(650) __memcpy_avx_unaligned_erms
calls=320123 255 
0 5441879

fn=(516) 0x0000000000109000
0 7

fn=(652) 0x0000000000109120
0 4
cob=(2)
cfi=(192) ./time/../sysdeps/unix/sysv/linux/clock_gettime.c
cfn=(654) clock_gettime@@GLIBC_2.17
calls=2 30 
0 22

fn=(678) 0x000000000486f590
0 640006
cob=(2)
cfi=(196) ./string/../sysdeps/x86_64/multiarch/strchr-avx2.S
cfn=(680) __strchrnul_avx2
calls=320003 53 
0 6080057

fn=(714) 0x00000000001091a0
0 2
cob=(2)
cfi=(209) ./libio/./libio/iofopen.c
cfn=(716) fopen@@GLIBC_2.2.5
calls=1 85 
0 609

fn=(594) 0x000000000486f3f0
0 8
cob=(2)
cfi=(167) ./malloc/./malloc/malloc.c
cfn=(542) malloc
calls=4 3294 
0 713

fn=(776) 0x000000000486f3e0
0 4
cob=(2)
cfi=(167)
cfn=(660) free
calls=2 3359 
0 237

fn=(836)
0 2
cob=(2)
cfi=(226) ./stdlib/./stdlib/cxa_finalize.c
cfn=(812) __cxa_finalize
calls=1 30 
0 78

fn=(526) 0x000000000486f7b0
0 2
cob=(1)
cfi=(47)
cfn=(528)
calls=1 118 
0 5

fn=(748) 0x0000000000109160
0 800
cob=(2)
cfi=(215) ./libio/./libio/fputc.c
cfn=(750) fputc
calls=400 32 
0 9600

fn=(658) 0x0000000000109100
0 3208802
cob=(2)
cfi=(167)
cfn=(660)
calls=1604401 3359 
0 136424894

fn=(826)
0 4

fn=(540) 0x0000000000109190
0 3208002
cob=(2)
cfi=(167)
cfn=(542)
calls=1604001 3294 
0 72182085

fn=(566) 0x0000000000109170
0 800
cob=(2)
cfi=(167)
cfn=(568) calloc
calls=400 3699 
0 124014

fn=(612) 0x00000000001091b0
0 4
cob=(2)
cfi=(183) ./stdio-common/./stdio-common/isoc99_scanf.c
cfn=(614) __isoc99_scanf
calls=2 25 
0 2116

fn=(734) 0x000000000486f680
0 2
cob=(2)
cfi=(196)
cfn=(736) __strchr_avx2
calls=1 53 
0 21

fn=(810) 0x00000000001090f0
0 2
cob=(2)
cfi=(226)
cfn=(812)
calls=1 30 
0 78

fn=(574) 0x0000000000109110
0 6
cob=(2)
cfi=(175) ./libio/./libio/ioputs.c
cfn=(576) puts
calls=3 33 
0 3089

ob=(5)
fl=(159)
fn=(820) 0x00000000000011f0
0 5

fn=(508)
0 12
cob=(2)
cfi=(160) ./csu/../csu/libc-start.c
cfn=(510) __libc_start_main@@GLIBC_2.34
calls=1 242 
0 3775385072

fn=(520) 0x00000000000012a0
0 12

fn=(804)
0 9
cob=(3)
cfi=(151)
cfn=(810)
calls=1 0 
0 80
0 1
cfn=(820)
calls=1 0 
0 5
0 3

fl=(166) /home/std_2018111645/systemprogramming/lab1/matrix_multiplication/sliding_window/main.c
fn=(538) main
17 8
+11 2
cob=(3)
cfi=(151)
cfn=(540)
calls=1 -28 
* 1803
* 1
+1 2
+1 3200
cob=(3)
cfi=(151)
cfn=(566)
calls=400 -30 
* 124814
* 400
-1 1202
+3 3
cob=(3)
cfi=(151)
cfn=(574)
calls=1 -32 
* 2294
+1 6
cob=(3)
cfi=(151)
cfn=(612)
calls=1 -33 
* 1160
+3 3
cob=(3)
cfi=(151)
cfn=(574)
calls=1 -36 
* 403
+2 4
cob=(3)
cfi=(151)
cfn=(652)
calls=1 -38 
* 13
+72 2
+1 800
+1 24000
+1 8000
cob=(3)
cfi=(151)
cfn=(540)
calls=4000 0 
* 188142
* 4000
+1 16000
cfn=(656) receive_channel
calls=4000 11 
* 1656000
+1 8000
+1 320000
+1 9600000
+1 3200000
cob=(3)
cfi=(151)
cfn=(540)
calls=1600000 0 
* 75200142
* 1600000
+1 6400000
cfn=(656)
calls=1600000 11 
* 662400000
+1 6400000
+1 3200000
+1 2560000000
-1 195200000
+13 4800000
cob=(3)
cfi=(151)
cfn=(658)
calls=1600000 0 
* 139200000
-18 5120000
-1 488000
+22 12000
cob=(3)
cfi=(151)
cfn=(658)
calls=4000 0 
* 348000
-26 12800
-1 1202
+32 3
cob=(3)
cfi=(151)
cfn=(574)
calls=1 0 
* 398
+1 4
cob=(3)
cfi=(151)
cfn=(652)
calls=1 0 
* 13
+1 6
+1 10
+1 6
cob=(3)
cfi=(151)
cfn=(666)
calls=1 0 
* 1671
+4 5
cob=(3)
cfi=(151)
cfn=(714)
calls=1 0 
* 611
* 1
+1 2
+3 2
+1 800
+1 2720000
cob=(3)
cfi=(151)
cfn=(738)
calls=160000 0 
* 96530945
-1 480800
+3 1600
cob=(3)
cfi=(151)
cfn=(748)
calls=400 0 
* 10400
-4 1202
+7 3
cob=(3)
cfi=(151)
cfn=(760)
calls=1 0 
* 689
+1 2
+1 3200
cob=(3)
cfi=(151)
cfn=(658)
calls=400 0 
* 85487
-1 1202
+2 3
cob=(3)
cfi=(151)
cfn=(658)
calls=1 0 
* 209
+2 4
cob=(3)
cfi=(151)
cfn=(666)
calls=1 0 
* 491
+1 6
cob=(3)
cfi=(151)
cfn=(612)
calls=1 0 
* 960
+1 1
+1 6

fn=(656)
11 8020000
+1 3208000
+1 384960000
-1 261452000
+2 6416000

ob=(2)
fl=(171) ./misc/./misc/sbrk.c
fn=(558) sbrk
37 48
+3 6
+3 6
-3 6
+3 6
+35 7
-20 12
+4 12
+4 20
+8 5
cfi=(172) ./misc/../sysdeps/unix/sysv/linux/brk.c
cfn=(560) brk
calls=5 -38 
* 45
* 10
+4 35
-19 2
cfi=(172)
cfn=(560)
calls=1 -23 
* 9
* 2
+4 2

fl=(125)
fn=(380)
29 1
fi=(82) ./string/../sysdeps/x86_64/multiarch/ifunc-avx2.h
+11 3
-2 4
fe=(125)
-9 2
fi=(82)
+12 2
+1 3
+3 2
+4 3
+3 5
fe=(125)

fl=(147) ./ctype/./ctype/ctype-info.c
fn=(454) __ctype_init
29 1
+2 7
+2 4
+2 4
+1 1

fl=(92)
fn=(294)
29 1
fi=(91) ./debug/../sysdeps/x86_64/multiarch/ifunc-memmove.h
+28 3
-1 2
+4 3
+14 2
+3 2
+8 2
+8 2
+3 5
fe=(92)

fl=(79)
fn=(266)
86 1
fi=(80) ./string/../sysdeps/x86/cacheinfo.h
-27 1
+3 3
+2 1
+1 1
-1 2
+7 3
+2 1
+1 1
-1 2
+5 2
+2 2
+1 2
+1 2
+2 2
+2 2
fe=(79)

fl=(165) ./setjmp/./setjmp/sigjmp.c
fn=(536) __sigjmp_save
28 6
+2 2
-1 1
+5 4

fl=(157)
fn=(502)
53 1
+1 1
+1 1
+2 1
+1 1
+4 1
+1 1
+1 1
322 1
+1 1
+1 1
+1 1
+1 1
+3 1
+1 1
+1 1
+1 1
+1 1
+4 1
+1 1
+2 1
+1 1
+1 1
+1 1
+5 2

fl=(176)
fn=(580)
52 4
+13 4
+1 4
+1 4
+3 4
+2 4
+1 4
+3 4
+1 4
+8 4
+1 4
+1 4
+5 8

fl=(98)
fn=(310)
31 2
fi=(99) ./wcsmbs/../sysdeps/x86_64/multiarch/ifunc-avx2.h
+9 6
-2 8
fi=(100) ./wcsmbs/../sysdeps/x86_64/multiarch/wcschr.c
-7 4
fi=(99)
+10 4
+1 6
+3 4
+4 6
+3 10
fe=(98)

fn=(376)
31 1
fi=(95) ./wcsmbs/../sysdeps/x86_64/multiarch/ifunc-wcs.h
+9 3
-1 4
+2 3
+3 2
+4 4
fe=(98)
-17 1

fl=(106)
fn=(330)
31 1
fi=(107) ./string/../sysdeps/x86_64/multiarch/ifunc-strncpy.h
+4 5
+1 3
+3 2
+4 3
+3 4
fe=(106)
-15 1

fl=(218)
fn=(762)
34 8
+14 3
+9 1
fi=(181) ./libio/./libio/libioP.h
1025 3
+1 2
fe=(218)
57 3
cfi=(177) ./libio/./libio/fileops.c
cfn=(784) _IO_file_finish@@GLIBC_2.2.5
calls=1 168 
* 34
+1 3
+13 2
fi=(181)
951 4
+1 4
+6 2
cob=(3)
cfi=(151)
cfn=(776)
calls=1 0 
* 87
fe=(218)
76 7
-27 1
cfi=(178) ./libio/./libio/genops.c
cfn=(764) _IO_un_link
calls=1 +4 
* 105
+2 8
+1 2
+1 2
cfi=(177)
cfn=(768) _IO_file_close_it@@GLIBC_2.2.5
calls=1 +75 
* 387
fi=(181)
979 1
fe=(218)
53 1
fi=(181)
979 3
+1 9
fe=(218)
51 5

fl=(224)
fn=(800)
367 1
51 3
+1 2
367 3
57 2
+8 1
-3 1
-23 1
+1 4
+1 1
+29 1
+2 1
369 2
74 2
+6 4
+4 3
+3 2

fl=(188) ./stdlib/../stdlib/strtol.c
fn=(638) __strtol_internal
107 2
+1 8
cfi=(189) ./stdlib/../stdlib/strtol_l.c
cfn=(640) ____strtol_l_internal
calls=2 238 
* 202

fl=(219) ./io/../sysdeps/unix/sysv/linux/close_nocancel.c
fn=(774) __close_nocancel
25 1
+1 4
+1 1

fl=(115)
fn=(348)
29 1
fi=(116) ./string/../sysdeps/x86_64/multiarch/ifunc-strcpy.h
+9 2
+1 1
-1 2
+1 2
+3 2
+4 3
+3 3
fe=(115)
-20 1

fl=(164) ./setjmp/../sysdeps/x86_64/setjmp.S
fn=(534) __sigsetjmp
31 1
+2 1
+9 1
+1 2
+1 1
+4 1
+1 1
+1 1
+1 1
+1 1
+2 2
+2 1
+1 1
+1 1
+2 2
+2 1
+5 1
+1 1
+17 1
cfi=(165)
cfn=(536)
calls=1 -57 
* 13

fl=(137)
fn=(418)
31 1
fi=(112) ./string/../sysdeps/x86_64/multiarch/ifunc-strcasecmp.h
+6 2
-1 4
fe=(137)
-5 2
fi=(112)
+7 3
+3 2
+4 3
+3 4
fe=(137)

fl=(202) ./nptl/./nptl/alloca_cutoff.c
fn=(696) __libc_alloca_cutoff
27 1
+1 9
+7 1

fl=(108)
fn=(334)
31 2
fi=(109) ./wcsmbs/../sysdeps/x86_64/multiarch/ifunc-evex.h
+7 6
-1 8
+2 6
+6 4
-3 4
+9 6
+3 8
fe=(108)
-23 2

fl=(175)
fn=(576)
33 30
+2 3
cob=(3)
cfi=(151)
cfn=(578)
calls=3 -35 
* 48
+1 3
-1 3
+1 9
-3 3
+6 10
+1 1
fi=(181)
1025 3
+1 2
fe=(175)
40 2
fi=(181)
1025 6
+1 4
fe=(175)
40 9
cfi=(177)
cfn=(582) _IO_file_xsputn@@GLIBC_2.2.5
calls=3 1198 
* 2316
* 6
+1 12
+1 12
fi=(181)
979 6
+1 24
fe=(175)
46 24
-10 15
+2 4
-2 15
+5 6
cfi=(178)
cfn=(602) __overflow
calls=3 199 
* 507
* 6

fl=(184) ./stdio-common/./stdio-common/vfscanf-internal.c
fn=(616) __vfscanf_internal
278 26
+10 10
+1 2
fi=(190) ./stdio-common/../include/scratch_buffer.h
78 2
fe=(184)
289 2
fi=(190)
77 4
fe=(184)
339 2
fi=(190)
77 2
fe=(184)
339 8
+6 7
+3 8
+4 2
+20 4
-20 2
+13 2
-6 2
+8 4
-8 2
+8 2
+5 4
-5 2
+5 6
cfi=(185) ./nptl/./nptl/libc-cleanup.c
cfn=(618) __libc_cleanup_push_defer
calls=2 24 
* 26
* 6
+9 2
fi=(238) ./stdio-common/../string/bits/string_fortified.h
59 2
fe=(184)
381 6
-49 2
-48 2
-1 2
+10 2
-11 2
+46 2
-1 2
-1 2
-1 2
-12 2
-30 4
419 4
+24 4
+1 4
-63 8
3095 12
+3 2
223 2
-17 2
+17 2
-1 2
489 2
222 4
489 4
222 2
489 4
372 14
483 2
fi=(186) ./stdio-common/./stdio-common/printf-parse.h
55 12
fe=(184)
506 10
345 2
3105 20
cfi=(185)
cfn=(642) __libc_cleanup_pop_restore
calls=2 54 
* 18
fi=(190)
85 8
fe=(184)
3109 4
+17 4
+6 24
660 4
+4 4
+1 12
+4 2
+1 6
-1 2
+1 14
+6 12
+3 2
-3 1
+3 8
-3 2
+3 8
-3 6
+4 16
+1 10
+4 6
-4 6
cfi=(178)
cfn=(636) _IO_sputbackc
calls=2 -46 
* 44
+4 24
530 2
+3 18
665 6
+11 4
cfi=(178)
cfn=(622) __uflow
calls=2 299 
* 876
* 6
3105 6
372 6
1450 12
+5 2
-5 2
+5 4
+9 14
1813 8
+9 2
fi=(190)
113 8
fe=(184)
1822 4
fi=(190)
113 6
fe=(184)
1815 8
+5 18
260 4
1877 2
260 4
+3 6
1879 8
+2 18
-68 12
231 2
1884 4
206 2
1891 4
214 4
1892 4
+28 14
cfi=(178)
cfn=(636)
calls=2 635 
* 44
* 6
260 4
+3 6
1924 4
1742 4
1942 4
206 2
1742 4
1941 6
+1 2
cfi=(188)
cfn=(638)
calls=2 107 
* 212
* 4
+6 6
+3 10
+6 2
-4 4
+4 4
+23 4
1822 10
1498 4
+3 4
+97 8
1813 4
1501 4
1893 4
+1 4
+65 4
+17 20
-15 4
+1 6
1442 4
-1 4

fl=(93)
fn=(298)
29 1
fi=(82)
+11 3
-2 4
fe=(93)
-9 2
fi=(82)
+12 2
+1 3
+3 2
+4 3
+3 5
fe=(93)

fl=(152) ./nptl/../sysdeps/unix/sysv/linux/x86/elision-conf.c
fn=(464) __lll_elision_init
92 2
+4 1
-4 2
+4 2
-4 1
+4 1
-4 3
+4 1
cob=(3)
cfi=(151)
cfn=(462)
calls=1 -96 
* 26
+2 4
cob=(3)
cfi=(151)
cfn=(462)
calls=1 -98 
* 26
+2 4
cob=(3)
cfi=(151)
cfn=(462)
calls=1 0 
* 26
+2 4
cob=(3)
cfi=(151)
cfn=(462)
calls=1 0 
* 26
+2 4
cob=(3)
cfi=(151)
cfn=(462)
calls=1 0 
* 26
+3 3
+1 1
+1 6

fl=(226)
fn=(812)
30 4
+3 4
-3 16
+3 10
+3 8
+4 14
-4 6
+57 8
+4 12
-4 6
+12 4
cfi=(227) ./posix/./posix/register-atfork.c
cfn=(814) __unregister_atfork
calls=2 -23 
* 40
+1 8
+1 16

fl=(189)
fn=(640)
238 10
+54 2
-54 2
+19 2
-19 8
+14 2
-14 6
+26 4
+31 8
+9 12
+2 4
+5 4
-1 2
+6 4
+4 4
+15 4
+10 8
-87 4
395 2
+56 10
+26 2
+1 2
-84 2
-1 2
+96 4
-5 4
+5 2
+1 6
-41 4
+2 8
+2 6
+28 6
+3 4
+11 4
+5 6
+1 2
+5 4
+3 2
+15 2
-15 4
-2 4
+39 16
342 4

fl=(148) ./resource/../sysdeps/unix/sysv/linux/getrlimit64.c
fn=(456) getrlimit
38 2
+1 7
+1 1

fl=(126)
fn=(384)
29 1
fi=(107)
+6 5
+1 3
+3 2
+4 3
+3 4
fe=(126)
-17 1

fl=(146)
fn=(452)
33 9
+2 1
cfi=(147)
cfn=(454)
calls=1 -6 
* 17
+3 1
fi=(149) ./elf/../sysdeps/nptl/pthread_early_init.h
-5 2
fe=(146)
+8 1
-3 1
+3 1
fi=(149)
-8 1
cfi=(148)
cfn=(456)
calls=1 +5 
* 10
* 3
+1 1
+4 5
+7 1
fi=(239) ./elf/../nptl/nptl-stack.h
+16 3
fi=(149)
-16 1
fi=(239)
+16 2
fi=(149)
-7 1
fi=(239)
+7 3
fi=(149)
-9 1
-6 1
+2 2
+4 4
+1 1
+3 1
cfi=(150) ./nptl/./nptl/pthread_mutex_conf.c
cfn=(460) __pthread_tunables_init
calls=1 -1 
* 104
fe=(146)
-9 3
+2 2
-2 1
cfi=(152)
cfn=(464)
calls=1 +45 
* 169

fl=(155)
fn=(496)
46 6
+5 2
+4 5
+8 1
-2 1
+10 1
-9 1
+1 1
+9 3
-1 1
cfi=(156) ./misc/./misc/init-misc.c
cfn=(498) __init_misc
calls=1 -41 
* 54

fl=(113)
fn=(344)
29 1
fi=(240) ./string/../sysdeps/x86_64/multiarch/ifunc-sse4_2.h
+7 5
fe=(113)
-7 1

fl=(132)
fn=(404)
29 1
fi=(133) ./string/../sysdeps/x86_64/multiarch/ifunc-evex.h
+9 3
-1 4
+2 3
+6 2
-3 2
+9 3
+3 4
fe=(132)
-25 1

fl=(170) ./malloc/./malloc/morecore.c
fn=(556) __glibc_morecore
25 6
+1 12
-1 12
+4 6
cfi=(171)
cfn=(558)
calls=6 +8 
* 233
+1 12
+4 12

fl=(81)
fn=(270)
31 2
fi=(82)
+9 6
-2 8
fe=(81)
-7 4
fi=(82)
+10 4
+1 6
+3 4
+4 6
+3 10
fe=(81)

fl=(172)
fn=(560)
36 6
fi=(241) ./misc/../sysdeps/unix/sysv/linux/brk_call.h
-12 12
fe=(172)
+13 12
+1 12
+6 6
+1 6

fl=(85)
fn=(278)
30 1
fi=(86) ./wcsmbs/../sysdeps/x86_64/multiarch/ifunc-wcslen.h
+11 2
-1 4
+2 3
+3 2
+4 3
+3 3
fe=(85)
-22 1

fl=(96)
fn=(306)
29 1
fi=(97) ./string/../sysdeps/x86_64/multiarch/ifunc-memmove.h
+28 3
-1 2
+4 3
+14 2
+3 2
+8 2
+8 2
+3 5
fe=(96)

fl=(124)
fn=(372)
31 1
fi=(112)
+6 2
-1 4
fe=(124)
-5 2
fi=(112)
+7 3
+3 2
+4 3
+3 4
fe=(124)

fl=(94)
fn=(302)
31 1
fi=(95)
+9 3
-1 4
+2 3
+3 2
+4 4
fe=(94)
-17 1

fl=(136)
fn=(414)
33 1
fi=(97)
+24 3
-1 2
+4 3
+14 2
+3 2
+8 2
+8 2
+3 5
fe=(136)

fl=(83)
fn=(274)
29 1
fi=(240)
+7 5
fe=(83)
-7 1

fl=(156)
fn=(498)
30 1
+1 2
-1 4
+1 4
+2 3
cob=(3)
cfi=(151)
cfn=(500)
calls=1 -33 
* 28
+4 5
+1 3
+2 4

fl=(192)
fn=(654)
30 2
+8 4
+2 4
+28 4
+1 4
-25 4

fl=(183)
fn=(614)
25 28
+4 2
+1 4
-1 2
+1 2
-1 4
+1 2
-1 4
+1 6
cfi=(184)
cfn=(616)
calls=2 278 
* 2052
+4 10

fl=(197) ./stdio-common/./stdio-common/Xprintf_buffer_write.c
fn=(682) __printf_buffer_write
27 480004
+1 1440012
-1 3360028
+4 1600016
+2 640008
+3 320123
fi=(238)
-7 320123
fe=(197)
+8 640246
fi=(238)
-8 320123
fe=(197)
+12 320123
fi=(238)
-12 320123
cob=(3)
cfi=(151)
cfn=(684)
calls=320123 -29 
* 6082125
fe=(197)
+11 960369
-9 640246
+2 960761
cfi=(216) ./stdio-common/./stdio-common/Xprintf_buffer_flush.c
cfn=(752) __printf_buffer_flush
calls=196 +28 
* 26568
* 392
+2 784
+9 2880024

fl=(111)
fn=(340)
31 1
fi=(112)
+6 2
-1 4
fe=(111)
-5 2
fi=(112)
+7 3
+3 2
+4 3
+3 4
fe=(111)

fl=(127)
fn=(388)
29 1
fi=(128) ./wcsmbs/../sysdeps/x86_64/multiarch/ifunc-memcmp.h
+5 5
+1 2
+1 2
+1 3
+3 2
+4 3
+3 4
fe=(127)
-18 2

fl=(135)
fn=(410)
31 1
fi=(95)
+9 3
-1 4
+2 3
+3 2
+4 4
fi=(242) ./wcsmbs/../sysdeps/x86_64/multiarch/wcpncpy.c
-17 1
fe=(135)

fl=(167)
fn=(664) _int_free
4495 11230821
+4 4813209
+6 6417612
+1 3208806
+4 8022015
+8 6417612
-1 3208806
+1 3208806
+29 1604001
-20 1604001
-6 1604001
+6 3208002
+20 6416004
1792 402
4561 804
+97 9624006
-21 804
+3 804
+18 402
-12 402
+12 1608
-12 402
cfn=(778) _int_free_merge_chunk
calls=402 +19 
* 55298
3163 1604001
+4 1604001
-4 1604001
+2 6416004
+1 1604001
+1 1604001
4550 1604001

fn=(562) alloc_perturb
1985 1224
+2 408

fn=(542)
3294 12832040
+7 3208010
1326 3208008
+19 8020025
3311 3208010
+2 6416020
+3 3208008
+10 14
+28 42
3248 4
cfn=(552) tcache_init.part.0
calls=1 -6 
* 473
+68 2
+2 4812009
3178 3207996
+4 3207996
+4 1603998
+4 1603998
-4 4811994
+4 1603998
+1 1603998
3354 9623988
-26 28
cfn=(554) _int_malloc
calls=7 3846 
* 936
+1 35
fi=(168) ./malloc/./malloc/arena.c
153 14
264 1
cfn=(546) ptmalloc_init.part.0
calls=1 -2 
* 1151
fe=(167)
1326 2

fn=(780) _int_free_maybe_consolidate
4770 4422
+6 804
+22 4422
-20 1444
+3 1083
+3 1805

fn=(554)
3846 4488
1326 816
+19 2448
3887 816
1794 408
3914 816
+63 816
+62 2030
+1 1212
+20 408
-1 408
-1 408
+1 816
+1 816
-2 814
+12 2040
-90 4
+2 4
-2 4
+2 8
4487 4896
4257 1224
+2 1212
+3 404
-3 404
+3 808
+1 408
+71 1224
-4 408
+1 408
+1 408
-1 408
+1 408
+1 816
+1 1224
+5 1632
+4 1224
+3 1624
-3 1218
+3 16
-3 12
+3 12
-3 6
4443 408
+1 816
+2 816
+3 1224
+17 20
4070 4
-91 24
2552 5
+12 5
-12 25
+12 5
4460 1224
cfn=(562)
calls=408 1985 
* 1632
+1 408
-9 806
+2 806
-1 403
+1 403
-3 403
+3 403
+2 403
-2 1612
+2 403
+3 806
2553 5
+36 15
+1 5
-1 5
+1 5
+9 44
+6 12
+3 15
2921 15
+1 5
+4 5
+4 25
+5 5
-2 5
+5 5
-3 10
-3 5
+2 5
+1 5
+1 5
-1 15
+1 5
4482 5
2669 15
+8 10
+1 15
+13 5
+2 5
-2 10
+8 25
+8 10
+48 4
+40 3
+19 2
+3 2
+1 6
+2 1
+1 5
cfi=(170)
cfn=(556)
calls=1 25 
* 33
+12 4
-12 1
+12 1
2008 4
3882 1
2873 1
+3 1
-1 1
+1 4
+12 1
-11 1
+11 2
2783 1
-1 2
2017 2
2745 1
+1 1
+6 3
-6 1
+6 3
-6 4
+6 12
-6 4
+6 20
+1 24
-44 15
cfi=(170)
cfn=(556)
calls=5 25 
* 260
+1 10
-1 5
+1 5
2008 5
2711 5
2008 15
2712 5
+3 10
+29 31

fn=(552)
3242 4
+9 8
+1 3
cfn=(554)
calls=1 3846 
* 359
+1 2
+8 4
+9 1
fi=(173) ./malloc/../string/bits/string_fortified.h
59 2
fe=(167)
3270 1
fi=(173)
59 86
fe=(167)
3274 3

fn=(660)
3359 1604403
+4 3208806
-4 4813209
+14 1604403
-14 4813209
+12 1604403
+4 1604403
-4 1604403
+4 3208806
+17 4813209
fi=(168)
153 4813209
fe=(167)
3398 4813209
cfn=(664)
calls=1604403 4495 
* 86688638
+3 1604403
+1 9626418

fn=(778)
4665 2010
+1 402
-1 1206
+5 2412
+3 804
+5 1206
+3 804
+1 804
+1 804
1992 1206
4689 804
+2 399
+2 399
-1 399
+2 1596
+2 798
cfn=(788) unlink_chunk.isra.0
calls=399 1608 
* 9576
+18 804
+6 802
+4 400
+9 400
-1 400
+1 1200
+1 800
-1 1
-1 1
+1 3
+1 2
+2 401
+2 802
+5 401
+1 401
+2 1203
+1 401
-45 401
-1 802
+1 2406
-1 401
cfn=(780)
calls=401 +69 
* 13956
+1 1
-1 2
+1 6
-1 1
cfn=(780)
calls=1 +69 
* 24
+39 1203
+16 1
+1 3
+1 2
-37 1
+1 1
-1 1
cfn=(788)
calls=1 1608 
* 24
+1 1
-47 1206
-2 804

fn=(788)
1608 400
+2 1200
-2 400
+2 800
+3 400
+1 800
+2 1600
-3 400
+6 400
+1 400
+1 2000
+24 800

fn=(568)
3699 800
+10 400
-10 2800
+10 3200
+8 800
+3 1200
+2 800
+34 2000
fi=(168)
153 800
fe=(167)
3732 400
+1 400
+21 800
-21 800
+21 400
cfn=(554)
calls=400 +92 
* 52596
+2 800
+40 400
-12 400
+12 800
+3 2000
+8 400
+2 800
+2 800
-55 1200
+3 1200
+78 400
fi=(173)
59 800
fe=(167)
3837 2400
fi=(173)
59 400
cob=(3)
cfi=(151)
cfn=(570)
calls=400 -59 
* 43018
fe=(167)

fl=(179) ./libio/./libio/filedoalloc.c
fn=(588) _IO_file_doallocate
78 33
+6 12
fi=(181)
1025 9
+1 6
fe=(179)
84 9
cfi=(177)
cfn=(590) _IO_file_stat
calls=3 1147 
* 27
* 6
+2 12
+11 12
+4 6
cob=(3)
cfi=(151)
cfn=(594)
calls=3 0 
* 532
* 3
+1 6
+2 12
cfi=(178)
cfn=(596) _IO_setb
calls=3 329 
* 87
+1 3
+1 27
-15 2
fi=(243) ./libio/../include/sys/sysmacros.h
-44 12
fe=(179)
+44 2
-2 4
+5 4

fl=(223)
fn=(798)
77 1
+3 3
+2 1
+2 2
-7 4
+11 2
+91 1
+3 1
+2 1
+3 1
-63 1
+66 3
-93 2
+11 4
+4 1
+3 2
-71 1
+1 7
+1 1
+84 3
+1 2

fl=(187) ./io/../sysdeps/unix/sysv/linux/read.c
fn=(634) read
25 2
+1 12
+1 2

fl=(195) ./stdio-common/./stdio-common/printf_buffer_to_file.c
fn=(710) __printf_buffer_to_file_done
117 160002
+1 480006
-1 160002
-64 160002
+64 960012
-66 640008
+2 480006
+15 479880
+18 479766
+3 159922
+2 319844
+12 159922
+19 159922
-1 159922
+1 639688
-1 159922
cfi=(208) ./stdio-common/./stdio-common/Xprintf_buffer_done.c
cfn=(712) __printf_buffer_done
calls=159922 -96 
* 3038518
+1 80
-1 80
+1 320
-1 80
cfi=(208)
cfn=(712)
calls=80 -96 
* 1520
-49 76
+2 114
cfi=(178)
cfn=(602)
calls=38 199 
* 6536
* 76
-9 160
cfn=(674) __printf_buffer_to_file_switch
calls=80 -36 
* 884
+1 80
-8 42
+1 42
fi=(244) ./stdio-common/../libio/libioP.h
1025 42
fe=(195)
58 42
+1 42
-1 42
fi=(244)
1025 84
+1 84
fe=(195)
59 84
cfi=(177)
cfn=(582)
calls=42 1198 
* 11356
* 84
+39 39
+1 39
-1 39
+1 39

fn=(672) __printf_buffer_to_file_init
108 160002
+1 160002
fi=(207) ./stdio-common/../include/printf_buffer.h
+18 160002
fe=(195)
-18 160002
fi=(207)
+28 160002
-9 160002
+9 160002
-13 160002
fe=(195)
-13 160002
fi=(207)
+13 160002
fe=(195)
-12 160002
cfn=(674)
calls=160002 -83 
* 1760106

fn=(674)
29 160161
+1 800805
+10 44
+1 44
+3 176
+1 44
-1 640468
+1 160117

fn=(756) __printf_buffer_flush_to_file
49 392
+4 196
-4 1176
+2 784
+2 588
+15 588
+18 351
+3 117
+2 234
+12 117
+1 702
-32 158
+2 237
cfi=(178)
cfn=(602)
calls=79 199 
* 13588
* 158
+30 79
-39 79
+39 316
-39 79
cfn=(674)
calls=79 -36 
* 869
+33 117
+1 117
-1 117
+1 117

fl=(214) ./stdio-common/./stdio-common/_itoa.c
fn=(744) _itoa_word
169 160000
+3 640000
+2 320000
+9 7040000
+9 320000

fl=(160)
fn=(510)
242 13
+69 3
+1 3
cfi=(161) ./stdlib/./stdlib/cxa_atexit.c
cfn=(512) __cxa_atexit
calls=1 67 
* 72
+25 6
+6 2
-3 2
+10 2
cob=(3)
cfi=(151)
cfn=(526)
calls=1 0 
* 7
+2 2
+8 4
cfi=(162) ./csu/../sysdeps/nptl/libc_start_call_main.h
cfn=(530) (below main)
calls=1 29 
* 3775384902
128 2
+6 3
+1 6
cob=(3)
cfi=(151)
cfn=(516)
calls=1 0 
* 7
* 1
+3 1
+1 2
+3 2
+1 2
-1 1
+2 7
+1 4
cob=(5)
cfi=(159)
cfn=(520)
calls=1 0 
* 12
-1 4

fl=(89)
fn=(286)
29 1
fi=(86)
+12 2
-1 4
+2 3
+3 2
+4 3
+3 3
fe=(89)
-23 1

fl=(193)
fn=(668)
28 33
+4 1
+1 2
-1 1
+1 1
-1 2
+1 1
-1 2
+1 3
cfi=(194) ./stdio-common/./stdio-common/vfprintf-internal.c
cfn=(670) __vfprintf_internal
calls=1 1522 
* 1629
-5 3
+4 1
+1 2
-1 1
+1 1
-1 2
+1 1
-1 2
+1 3
cfi=(194)
cfn=(670)
calls=1 1522 
* 457
+4 10

fl=(158)
fn=(504)
545 1
+1 4
+1 3
+1 3
+2 1

fl=(201) ./stdlib/../sysdeps/x86_64/lshift.S
fn=(694) __mpn_lshift
28 1
+1 1
+1 1
+2 1
+1 1
+1 1
+12 1
+1 1
+1 1
+1 1
+1 1
+1 1
+1 1
+6 1
+1 1
+1 1

fl=(129)
fn=(392)
29 1
fi=(91)
+28 3
-1 2
+4 3
+14 2
+3 2
+8 2
+8 2
+3 5
fe=(129)

fl=(210) ./io/../sysdeps/unix/sysv/linux/open64.c
fn=(730) open
30 2
+3 1
-3 10
+3 2
+8 7
+2 8
-7 1
+5 1
-5 3
+1 1
-1 1
+5 1

fl=(198) ./stdio-common/./stdio-common/printf_fp.c
fn=(700) hack_digit
88 8
+3 2
-3 2
+3 4
+2 2
+2 4
-2 4
+2 2
+1 6
-1 2
+1 2
cfi=(204) ./stdlib/../sysdeps/x86_64/mul_1.S
cfn=(702) __mpn_mul_1
calls=2 -65 
* 42
+31 2
-31 2
+32 10

fn=(690) __printf_fp_buffer_1.isra.0
138 18
+21 1
+18 1
+10 1
-28 7
+62 2
1030 11
226 3
+4 7
+36 1
+5 1
-49 1
+44 4
+1 1
+1 2
+3 13
+1 1
-1 1
+1 3
-1 1
+1 2
-1 1
+1 8
+1 1
-1 2
+1 13
+6 1
-6 2
+7 2
665 1
+9 1
-9 1
+9 1
+6 1
-15 1
+9 2
+6 1
-6 2
+2 2
+10 2
+52 2
+8 2
fi=(203) ./stdio-common/../sysdeps/pthread/allocalim.h
27 1
fe=(198)
746 1
fi=(203)
27 1
cfi=(202)
cfn=(696)
calls=1 * 
* 11
+2 2
fe=(198)
759 14
fi=(203)
29 1
fe=(198)
759 3
+4 1
-3 2
+3 2
+3 3
+7 6
+2 2
-4 1
+4 1
+14 2
-2 1
+1 5
+1 1
+1 2
-1 6
+1 14
91 6
792 6
+2 6
91 12
+2 6
+2 12
-2 12
793 6
+1 12
+1 12
230 6
cfi=(200) ./stdlib/../sysdeps/ieee754/dbl-64/dbl2mpn.c
cfn=(692) __mpn_extract_double
calls=1 33 
* 22
* 4
+4 1
95 6
+1 18
-1 12
+1 6
cfi=(204)
cfn=(702)
calls=6 -65 
* 126
* 6
+31 18
805 5
+1 3
cfn=(700)
calls=1 88 
* 47
+2 2
-2 1
+2 5
fi=(205) ./stdio-common/../sysdeps/generic/get-rounding-mode.h
94 1
+1 7
fe=(198)
935 1
-11 3
+7 2
+4 2
+45 5
+3 2
+8 2
-4 1
+4 1
+5 2
-9 4
+9 4
fi=(207)
163 3
fe=(198)
999 4
+2 3
+5 2
fi=(207)
163 3
fe=(198)
1009 3
+13 4
cfi=(197)
cfn=(682)
calls=1 27 
* 53
+2 3
+4 3
483 2
655 3
+4 2
cfi=(201)
cfn=(694)
calls=1 28 
* 16
* 1
+1 5
+1 2
fi=(206) ./stdio-common/../include/rounding-mode.h
52 2
fe=(198)
766 3
-78 2
+1 4
+3 3
+2 1
+2 2
+42 2
994 4
+2 2
311 2
766 3
+3 2
cfn=(700)
calls=1 88 
* 47
* 1
-3 4
1003 2
694 8

fn=(686) __printf_fp_l_buffer
1099 12
+3 1
-3 7
+3 2
+13 2
+2 1
-2 1
cob=(3)
cfi=(151)
cfn=(578)
calls=1 0 
* 16
* 2
+1 5
+31 11
-30 2
fi=(199) ./stdio-common/../include/../locale/localeinfo.h
331 2
fe=(198)
1111 1
fi=(199)
331 1
fe=(198)
1112 2
+10 7
cfn=(690)
calls=1 138 
* 835
+4 1

fl=(117)
fn=(352)
31 1
fi=(112)
+6 2
-1 4
fe=(117)
-5 2
fi=(112)
+7 3
+3 2
+4 3
+3 4
fe=(117)

fl=(110)
fn=(338)
67 1
-23 2
-1 4
+24 2
-22 3
+3 2
+4 3
+3 4

fl=(119)
fn=(360)
29 1
fi=(120) ./string/../sysdeps/x86_64/multiarch/ifunc-memcmp.h
+5 5
+1 2
+1 2
+1 3
+3 2
+4 3
+3 4
fe=(119)
-18 2

fl=(178)
fn=(622)
299 10
+1 2
-1 2
+1 4
+5 6
+3 2
173 2
308 4
+2 4
+6 4
+7 2
fi=(181)
1025 6
+1 4
fe=(178)
323 4
+1 6
-1 2
cfn=(624) _IO_default_uflow
calls=2 +38 
* 802
-23 4
+21 6

fn=(724) _IO_link_in
87 14
+1 10
+18 18
-16 1
+2 3
-2 1
+2 4
cfi=(185)
cfn=(618)
calls=1 -68 
* 13
+1 7
+10 2
cfi=(185)
cfn=(642)
calls=1 -49 
* 9
+3 1
-11 5
+2 1
-2 1
+3 1
-3 1
+2 1
+3 4
+2 1
-2 1
+1 1
+1 5
-9 2
+1 1
+1 2

fn=(600) _IO_default_xsputn
371 451
+3 164
fi=(181)
1025 41
fe=(178)
373 82
+16 80
+8 40
+2 163
fi=(181)
1025 54
+1 54
fe=(178)
399 108
cfi=(177)
cfn=(584) _IO_file_overflow@@GLIBC_2.2.5
calls=27 732 
* 1053
* 54
+2 27
-2 27
-20 272
+2 40
+1 80
+2 80
-9 41
+29 328
-11 120
+1 320
-1 480
+2 160
-6 80

fn=(720) _IO_old_init
531 1
+3 1
-2 1
+2 1
+5 1
-7 1
+2 1
+10 1
-10 1
+16 1
-11 1
-5 1
+16 1
-16 1
+21 1
-16 5
+16 2
+1 2
+2 1

fn=(850) _IO_flush_all
686 5
+5 1
-5 1
+5 1
-5 6
+5 4
cfi=(185)
cfn=(618)
calls=1 24 
* 13
+1 6
-5 1
fi=(181)
1025 2
fe=(178)
708 33
+1 3
-14 9
+2 3
+1 27
+2 21
+13 7
+1 2
cfi=(185)
cfn=(642)
calls=1 54 
* 9
+4 12
-20 9
-6 2
-5 2
+8 1
-3 1
+3 2

fn=(596)
329 44
+1 18
+5 8
-3 4
+3 8
-2 4
+2 8
+3 24
-7 1
cob=(3)
cfi=(151)
cfn=(776)
calls=1 0 
* 154
+4 2

fn=(764)
53 2
+1 4
+28 2
cfn=(766) __GI__IO_un_link.part.0
calls=1 -30 
* 101

fn=(766)
52 4
+6 1
-6 2
+6 1
-6 4
+6 4
cfi=(185)
cfn=(618)
calls=1 -34 
* 13
+1 7
+2 1
-1 1
+1 10
+5 1
-1 3
+9 2
+2 6
+3 2
cfi=(185)
cfn=(642)
calls=1 -25 
* 9
+3 9
-19 1
-2 2
+2 2
+13 3
+2 1
-2 1
+1 1
+1 5
-12 2
-7 3

fn=(602)
199 600
+2 360
+2 120
fi=(181)
1025 360
+1 240
fe=(178)
203 120
+1 240
-1 120
cfi=(177)
cfn=(584)
calls=120 732 
* 18471

fn=(848) _IO_cleanup
842 6
-66 1
+66 6
+1 1
cfn=(850)
calls=1 686 
* 183
-67 2
+67 1
-67 3
cfi=(185)
cfn=(618)
calls=1 24 
* 13
+1 6
fi=(181)
1025 1
fe=(178)
785 1
-1 1
+1 4
-1 2
+1 25
+9 6
+2 8
+4 2
-2 2
+3 2
-3 2
+2 4
+5 2
fi=(181)
1025 4
+1 4
fe=(178)
805 8
cfi=(177)
cfn=(854) _IO_file_setbuf@@GLIBC_2.2.5
calls=2 382 
* 201
+2 6
+9 2
-2 2
+2 4
+1 3
-37 9
+41 7
+1 2
cfi=(185)
cfn=(642)
calls=1 54 
* 9
+33 12
-78 2
+39 24
-2 1
+2 1
-31 6
+7 7
-15 1
+3 2
-3 1
+3 2

fn=(624)
361 4
fi=(181)
1025 2
fe=(178)
361 6
+1 2
-1 2
fi=(181)
1025 4
+1 4
fe=(178)
362 4
cfi=(177)
cfn=(626) _IO_file_underflow@@GLIBC_2.2.5
calls=2 462 
* 754
+1 4
+2 8
+1 8

fn=(586) _IO_doallocbuf
343 3
+1 6
-1 21
+3 9
+1 3
fi=(181)
1025 9
+1 6
fe=(178)
347 6
cfi=(179)
cfn=(588)
calls=3 78 
* 826
* 6
+3 18

fn=(636)
635 28
+3 12
+1 8
+9 4
+3 20
-10 8
+1 4
+5 4

fn=(770) _IO_unsave_markers
937 6
+2 2
+5 3
+2 3

fn=(856) _IO_default_setbuf
452 16
fi=(181)
1025 2
fe=(178)
452 2
+1 2
-1 2
fi=(181)
1025 4
+1 4
fe=(178)
453 4
cfi=(177)
cfn=(858) _IO_file_sync@@GLIBC_2.2.5
calls=2 793 
* 69
* 4
+4 2
330 2
462 2
-7 4
332 2
466 2
337 2
-4 2
+4 2
467 2
-1 6
+2 12
-11 2
+1 4
-1 2
330 8

fn=(630) _IO_switch_to_get_mode
164 12
+1 6
+3 6
+4 4
+1 4
+7 2
-4 2
+4 2
-2 4
+3 2
+1 8

fn=(718) _IO_no_init
563 11
+1 1
cfn=(720)
calls=1 -33 
* 25
+1 1
+1 2
+2 1
+4 1
+7 1
+2 1
-9 5
+15 1
+1 6

fn=(786) _IO_default_finish
601 6
+2 3
+6 3
+3 3
54 2
624 3

fl=(162)
fn=(530)
29 4
+15 1
-15 5
+15 1
cfi=(163) ./setjmp/../sysdeps/x86_64/bsd-_setjmp.S
cfn=(532) _setjmp
calls=1 -16 
* 38
* 1
+2 2
+5 2
+1 2
+3 2
+3 6
cob=(5)
cfi=(166)
cfn=(538)
calls=1 -41 
* 3775383148
+16 2
cfi=(220) ./stdlib/./stdlib/exit.c
cfn=(790) exit
calls=1 +63 
* 1688

fl=(168)
fn=(546)
262 1
fi=(169) ./malloc/../sysdeps/unix/sysv/linux/not-cancel.h
97 3
fe=(168)
262 7
+5 1
fi=(169)
97 3
fi=(167)
3143 2
fe=(168)
292 2
+4 3
fi=(167)
1946 4
+3 1
-3 1
+3 2
-3 2
+3 126
-3 126
+3 252
-3 252
+11 1
fe=(168)
300 3
fi=(167)
1958 1
+2 1
fe=(168)
300 1
cob=(3)
cfi=(151)
cfn=(462)
calls=1 0 
* 25
+1 4
cob=(3)
cfi=(151)
cfn=(462)
calls=1 0 
* 26
+1 4
cob=(3)
cfi=(151)
cfn=(462)
calls=1 0 
* 25
+1 4
cob=(3)
cfi=(151)
cfn=(462)
calls=1 0 
* 25
+1 4
cob=(3)
cfi=(151)
cfn=(462)
calls=1 0 
* 26
+1 4
cob=(3)
cfi=(151)
cfn=(462)
calls=1 0 
* 25
+1 4
cob=(3)
cfi=(151)
cfn=(462)
calls=1 0 
* 25
+2 4
cob=(3)
cfi=(151)
cfn=(462)
calls=1 0 
* 25
+1 4
cob=(3)
cfi=(151)
cfn=(462)
calls=1 0 
* 25
+1 4
cob=(3)
cfi=(151)
cfn=(462)
calls=1 0 
* 25
+3 4
cob=(3)
cfi=(151)
cfn=(462)
calls=1 0 
* 25
+1 4
cob=(3)
cfi=(151)
cfn=(462)
calls=1 0 
* 25
+2 2
+10 8

fl=(194)
fn=(676) __printf_buffer
600 1920024
fi=(186)
82 160002
fe=(194)
600 320004
fi=(186)
82 160002
fe=(194)
600 160002
+27 480006
+11 160002
-11 160002
+11 160002
-11 160002
+11 320004
fi=(186)
82 160002
cob=(3)
cfi=(151)
cfn=(678)
calls=160002 -82 
* 3360042
fe=(194)
653 320004
+1 160002
fi=(186)
82 320004
fe=(194)
654 160002
-1 160002
cfi=(197)
cfn=(682)
calls=160002 27 
* 3040106
+2 480006
+4 320004
+4 1280008
-32 160001
973 160001
642 160001
973 320002
634 160001
+71 640004
1044 1760022
705 320002
-13 160001
+7 160001
+6 320002
-14 160001
-4 160001
+18 160001
-10 160001
+10 160001
-7 160001
-4 160001
+11 320002
-19 160001
-1 160001
+20 160001
-12 160001
-9 160001
-1 160001
+22 160001
-15 320002
891 2
+82 2
+3 34
+20 11
+1 1
263 1
+1 1
997 1
744 1
264 2
744 1
263 2
1024 160001
fi=(186)
82 160001
fe=(194)
1018 160001
fi=(186)
82 320002
cob=(3)
cfi=(151)
cfn=(678)
calls=160001 -82 
* 3360021
fe=(194)
1028 320002
+1 160001
fi=(186)
82 160001
fe=(194)
1029 160001
-1 160001
cfi=(197)
cfn=(682)
calls=160001 27 
* 8972543
+3 320002
fi=(213) ./stdio-common/./stdio-common/vfprintf-process-arg.c
136 320000
+19 2080000
cfi=(214)
cfn=(744)
calls=160000 +14 
* 8480000
+11 320000
-11 320000
+11 640000
-5 1280000
+25 800000
+15 320000
-4 480000
+2 480000
+2 320000
+7 160000
-2 320000
+2 480000
+3 320000
+13 320000
fi=(207)
-61 320000
fi=(213)
+70 320000
+3 320000
136 160000
+2 320000
fe=(194)
876 1
-5 9
-1 1
+1 8
fi=(213)
67 160000
-18 160000
-1 320000
201 480000
58 320000
-23 160000
+22 320000
161 160000
+9 320000
+17 160000
+8 160000
-8 160000
+12 160000
-12 160000
+8 640000
-8 960000
+53 640000
cfi=(197)
cfn=(682)
calls=160000 27 
* 9299496
* 160000
fe=(194)
+26 1
cfi=(198)
cfn=(686)
calls=1 1099 
* 911
1001 1
fi=(207)
163 320000
fi=(213)
50 320000
+2 320000
+1 1280000
fe=(194)

fn=(670)
1522 2080026
+3 800011
+4 800010
+11 320004
+27 1760022
-42 320002
+18 640008
cfi=(195)
cfn=(672)
calls=160002 108 
* 3520128
+1 800010
cfn=(676)
calls=160002 600 
* 71553354
+1 320004
cfi=(195)
cfn=(710)
calls=160002 117 
* 8819450
* 160002

fl=(211) ./string/../string/strstr.c
fn=(732) __GI_strstr
77 9
+5 1
-5 3
+5 2
+2 4
cob=(3)
cfi=(151)
cfn=(734)
calls=1 -84 
* 23
* 1
+1 2
+1 2
+75 12

fl=(212)
fn=(740)
27 2080000
+4 160000
+1 320000
-1 800000
+1 160000
cfi=(194)
cfn=(670)
calls=160000 1522 
* 91890945
+4 800000

fl=(180) ./io/../sysdeps/unix/sysv/linux/fstat64.c
fn=(592) fstat
30 3
+9 12
+33 3

fl=(215)
fn=(750)
32 3600
+3 800
+1 2800
+5 2400

fl=(101)
fn=(316)
65 1
-22 2
+1 1
-2 4
+2 2
+3 2
+4 3
+3 3
+11 1

fl=(87)
fn=(282)
29 1
fi=(88) ./string/../sysdeps/x86_64/multiarch/ifunc-memset.h
+25 5
+3 3
+7 2
+9 2
+2 2
+10 2
+8 2
+3 5
fe=(87)

fl=(102)
fn=(318)
29 1
fi=(103) ./debug/../sysdeps/x86_64/multiarch/ifunc-memset.h
+25 5
+3 3
+7 2
+9 2
+2 2
+10 2
+8 2
+3 5
fe=(102)

fl=(130)
fn=(396)
33 1
fi=(116)
+5 2
+1 1
-1 2
+1 2
+3 2
+4 3
+3 3
fe=(130)
-16 1

fl=(121)
fn=(364)
31 2
fi=(122) ./wcsmbs/../sysdeps/x86_64/multiarch/ifunc-wmemset.h
+5 10
+1 6
fe=(121)
-6 2

fl=(204)
fn=(702)
31 8
+1 8
+3 8
+1 8
+1 8
+1 8
+1 8
+2 8
+1 8
+2 8
+1 8
+1 8
+1 8
+1 8
+2 8
+1 8
+1 8
+1 8
+69 8
+2 8
+3 8

fl=(220)
fn=(790)
137 2
+1 3
-1 1
+1 1
cfn=(792) __run_exit_handlers
calls=1 38 
* 1681

fn=(792)
38 12
+2 2
+3 5
+11 2
+2 2
+38 2
-30 6
+2 1
+1 1
-1 1
+3 7
+44 3
+13 1
-66 1
+66 3
+2 2
+3 2
cfi=(230) ./posix/../sysdeps/unix/sysv/linux/_exit.c
cfn=(864) _Exit
calls=1 27 
* 4
-29 1
+1 1
-2 1
+3 1
+3 1
-3 2
+3 3
+1 3
cob=(1)
cfi=(222)
cfn=(796)
calls=1 -82 
* 981
+1 4
+10 3
+1 2
-79 1
cfi=(221) ./stdlib/./stdlib/cxa_thread_atexit_impl.c
cfn=(794) __call_tls_dtors
calls=1 148 
* 13
* 1
+88 1
cfi=(178)
cfn=(848)
calls=1 842 
* 604
* 1

fl=(118)
fn=(356)
31 1
fi=(82)
+9 3
-2 4
fe=(118)
-7 2
fi=(82)
+10 2
+1 3
+3 2
+4 3
+3 5
fe=(118)

fl=(208)
fn=(712)
25 160002
+1 480006
+5 320004
+2 1920024
+7 160002

fl=(191)
fn=(648)
242 4
+1 4
+1 4
+1 4
+17 4
+1 4
+42 4
+1 4
+2 2
+1 2
+33 2
+1 2
+1 2
+1 2
+2 2
+17 2
+1 2
+1 2
+1 2
+1 2

fn=(650)
255 320123
+1 320123
+6 320123
+1 320123
+42 320123
+1 320123
+2 320122
+1 320122
+2 320121
+4 320121
+1 320120
+1 320120
+1 320120
+1 320120
+1 159960
+1 159960
+2 159960
+2 159960
-2 160160
+2 160160
+6 1
+1 1
+1 1
+1 1
+1 1
+7 1
+1 1
+1 1
+1 1
+2 1
+17 1
+1 1
+1 1
+1 1
+1 1

fl=(229) ./io/../sysdeps/unix/sysv/linux/lseek64.c
fn=(862) lseek
28 1
+12 8
+2 1

fl=(104)
fn=(322)
28 1
fi=(82)
+12 3
-2 4
fe=(104)
-10 2
fi=(82)
+13 2
+1 3
+3 2
+4 3
+3 5
fe=(104)

fl=(131)
fn=(400)
29 1
fi=(97)
+28 3
-1 2
+4 3
+14 2
+3 2
+8 2
+8 2
+3 5
fe=(131)

fl=(221)
fn=(794)
148 4
+1 1
-1 1
+1 3
+16 4

fl=(163)
fn=(532)
28 1
+2 1
+2 1
cfi=(164)
cfn=(534)
calls=1 -1 
* 35

fl=(227)
fn=(814)
82 4
+1 4
-1 8
+1 4
fi=(228) ./posix/../malloc/dynarray-skeleton.c
243 2
fe=(227)
71 4
+38 8
+1 6

fl=(90)
fn=(290)
29 1
fi=(91)
+28 3
-1 2
+4 3
+14 2
+3 2
+8 2
+8 2
+3 5
fe=(90)

fl=(174)
fn=(572)
158 400
+1 800
+5 400
+1 400
+1 400
+1 400
+1 400
+69 400
+1 400
+6 400
+1 400
+12 400
+3 400
+1 400
+12 400
+1 400
+13 400
+1 400
+2 400
+3 400
+3 400
+3 400
+1 400
+1 400
+1 400
+1 400
+1 400
+1 400
-6 3974
+1 3974
+1 3974
+1 3974
+1 3974
+1 3974
+1 4374
+3 400
+1 400
+1 400
+1 400
+3 800

fl=(105)
fn=(326)
30 1
fi=(99)
+10 3
-2 4
fe=(105)
-8 2
fi=(99)
+11 2
+1 3
+3 2
+4 3
+3 5
fe=(105)

fl=(200)
fn=(692)
33 1
+2 1
-2 2
+4 3
+1 5
+9 2
+9 1
-9 1
+9 2
+47 1
+4 1
-4 1
+4 1

fl=(230)
fn=(864)
27 2
+3 2

fl=(177)
fn=(626)
462 2
+4 6
-4 18
+7 4
+6 6
+3 4
+12 2
+7 22
fi=(181)
979 4
+1 10
fe=(177)
506 4
cfi=(178)
cfn=(630)
calls=2 164 
* 52
+6 2
+5 2
-5 2
fi=(181)
1025 4
fe=(177)
512 2
fi=(181)
1025 2
fe=(177)
512 6
fi=(181)
1026 4
fe=(177)
517 8
cfn=(632) _IO_file_read
calls=2 1131 
* 28
+2 4
+16 2
-9 2
+9 4
+2 4
+1 16
-39 2
+2 2
fi=(181)
1025 6
+1 4
fe=(177)
501 4
cfn=(584)
calls=2 732 
* 166
* 2
-20 3
+5 2
cfi=(178)
cfn=(586)
calls=1 343 
* 310
+4 3
+7 4
+2 2
-2 4
+2 4
fi=(181)
980 10
fe=(177)

fn=(722) _IO_new_file_init_internal
106 6
+5 1
-1 1
+3 1
cfi=(178)
cfn=(724)
calls=1 -26 
* 89
+1 1
+1 3

fn=(772) _IO_file_close
1165 1
+3 2
cfi=(219)
cfn=(774)
calls=1 25 
* 6

fn=(854)
382 12
+1 2
cfi=(178)
cfn=(856)
calls=2 +69 
* 165
* 4
+3 2
+4 4
-2 6
+3 6

fn=(858)
793 14
+5 8
+2 2
+1 4
+2 1
fi=(181)
1025 3
+1 2
fe=(177)
803 3
cfn=(860) _IO_file_seek
calls=1 1140 
* 13
+1 2
+8 4
+4 10
-10 3

fn=(728) _IO_file_open
182 2
+3 1
-3 10
+2 2
+4 1
cfi=(210)
cfn=(730)
calls=1 30 
* 38
* 1
+1 2
+3 2
+3 1
-4 1
+1 3
+3 1
-3 1
+3 1
+10 2
cfi=(178)
cfn=(724)
calls=1 87 
* 21
+1 1
+1 6

fn=(584)
732 1528
+1 764
+7 951
+37 189
-2 378
+3 294
+3 441
+1 441
+1 354
+4 147
+1 882
-45 4
+12 4
+9 6
+5 6
+2 4
-5 2
+5 2
+1 2
-5 2
+1 2
+4 4
-7 2
+10 4
+13 44
-12 44
+1 44
+11 176
-12 44
cfn=(598) _IO_do_write@@GLIBC_2.2.5
calls=44 424 
* 4398
+9 6
-1 3
+1 3
-1 3
cfn=(598)
calls=3 424 
* 315
* 6
-12 4
+1 2
+6 351
+2 234
-2 351
cfn=(598)
calls=117 424 
* 12519
* 234
-34 4
cfi=(178)
cfn=(586)
calls=2 343 
* 603
+1 2
+9 2
-9 10

fn=(784)
168 5
+1 1
-1 1
+1 1
+6 2
+1 3
-1 1
cfi=(178)
cfn=(786)
calls=1 601 
* 20

fn=(632)
1131 2
+1 2
+2 2
-1 2
+1 4
cfi=(187)
cfn=(634)
calls=2 25 
* 16

fn=(768)
128 7
+2 3
+4 2
+3 1
-3 1
-1 2
+6 1
+3 1
-3 1
cfi=(178)
cfn=(770)
calls=1 937 
* 14
+3 3
fi=(181)
1025 3
+1 2
fe=(177)
142 2
cfn=(772)
calls=1 1165 
* 9
* 1
+3 3
+8 5
cfi=(178)
cfn=(596)
calls=1 329 
* 188
+1 1
+3 1
-3 3
+3 1
cfi=(178)
cfn=(764)
calls=1 53 
* 4
+5 1
-4 1
+1 1
+3 1
-2 1
+3 7
-28 7
cfn=(598)
calls=1 424 
* 107
* 2

fn=(582)
1198 315
+7 45
-7 90
+6 180
+9 90
-2 180
+17 123
+1 3
+5 3
+2 6
+2 3
-4 3
+2 3
+2 3
-1 3
-1 3
cob=(3)
cfi=(151)
cfn=(646)
calls=3 0 
* 49
-2 1
+2 2
+2 1
-4 1
+2 1
+2 1
-1 1
-1 1
cob=(3)
cfi=(151)
cfn=(646)
calls=1 0 
* 15
+2 4
-2 4
+4 8
+28 405
-55 4
+4 4
-4 4
+1 8
-14 41
+44 41
fi=(181)
1025 123
+1 82
fe=(177)
1244 1
fi=(181)
1025 3
+1 2
fe=(177)
1244 126
cfn=(584)
calls=42 732 
* 6125
* 84
+6 84
+1 210
+2 126
+11 84
+1 164
cfi=(178)
cfn=(600)
calls=41 371 
* 4399
+2 123
-48 162
-2 117
446 2
1221 1
+11 3
444 2

fn=(606) _IO_file_write@@GLIBC_2.2.5
1174 1296
+2 648
-1 324
+6 162
cfi=(182) ./io/../sysdeps/unix/sysv/linux/write.c
cfn=(608) write
calls=162 25 
* 1296
+1 324
+5 162
+1 162
-12 324
+4 486
+1 324
+10 486
+3 972
-4 486

fn=(726) _IO_file_fopen@@GLIBC_2.2.5
213 12
+9 2
+2 8
+23 6
357 12
224 4
+57 4
cfn=(728)
calls=1 -99 
* 97
* 1
+3 2
+3 3
cfi=(211)
cfn=(732)
calls=1 77 
* 59
* 1
+1 2
-41 6

fn=(590)
1147 3
+1 6
cfi=(180)
cfn=(592)
calls=3 30 
* 18

fn=(860)
1140 1
+1 2
cfi=(229)
cfn=(862)
calls=1 28 
* 10

fn=(598)
424 165
+2 495
+1 3
-3 486
fi=(181)
1025 162
fe=(177)
424 1296
+20 162
-10 324
+7 648
fi=(181)
1025 324
+1 324
fe=(177)
449 648
cfn=(606)
calls=162 1174 
* 7452
* 162
+1 486
+2 162
+4 324
-3 324
-1 324
+4 481
-30 314
+28 157
-28 314
+1 1256
-1 10
+28 5
-28 10
+1 40
+28 481

fl=(123)
fn=(368)
29 1
fi=(116)
+9 2
+1 1
-1 2
+1 2
+3 2
+4 3
+3 3
fe=(123)
-20 1

fl=(161)
fn=(512)
67 7
-26 2
+2 8
+1 2
cfn=(514) __new_exitfn
calls=1 +36 
* 33
+2 2
+8 1
-2 1
+3 1
+1 1
-4 2
+1 1
+4 4
+1 1
+11 6

fn=(514)
80 1
+6 2
-6 4
+11 2
-10 1
+10 4
+2 4
-2 1
+10 1
-10 3
+45 1
+5 3
-4 1
+4 2
-18 1
-1 1
+12 1

fl=(196)
fn=(680)
53 320003
+2 320003
+1 320003
+1 320003
+1 320003
+1 320003
+3 320003
+1 320003
+4 320003
+1 320003
+1 320003
+1 320003
+1 320003
+1 320003
+1 320003
+1 320003
+13 320003
+2 640006

fn=(736)
53 1
+2 1
+1 1
+1 1
+1 1
+1 1
+3 1
+1 1
+4 1
+1 1
+1 1
+1 1
+1 1
+1 1
+1 1
+1 1
+3 1
+8 1
+8 1
+1 2

fl=(216)
fn=(752)
61 196
fi=(207)
+54 196
fe=(216)
-53 392
-1 784
fi=(217) ./stdio-common/./stdio-common/printf_buffer_flush.c
-20 1372
fe=(216)
+25 392
+4 588
+1 196
+1 588
fi=(217)
-19 196
cfi=(195)
cfn=(756)
calls=196 -4 
* 21276
fi=(207)
+62 196
fi=(217)
-61 196
fe=(216)

fl=(84)
fn=(276)
79 1
-31 2
+1 1
-2 4
+2 2
+3 2
+4 3
+3 3
+20 1

fl=(114)
fn=(346)
60 1
-17 2
-1 4
+2 3
+2 2
+4 3
+10 1

fl=(134)
fn=(408)
29 1
fi=(240)
+7 5
fe=(134)
-7 1

fl=(185)
fn=(642)
54 6
+1 6
+2 12
+2 6
+1 18
+11 6

fn=(618)
24 6
+1 6
+2 12
+2 12
+3 12
+14 18
+2 6
+1 6

fl=(150)
fn=(460)
55 2
+1 2
-1 2
+1 2
-1 4
+1 1
cob=(3)
cfi=(151)
cfn=(462)
calls=1 -56 
* 26
+2 4
cob=(3)
cfi=(151)
cfn=(462)
calls=1 -58 
* 25
+2 4
cob=(3)
cfi=(151)
cfn=(462)
calls=1 -60 
* 26
+2 6

fl=(182)
fn=(608)
25 162
+1 972
+1 162

fl=(209)
fn=(716)
85 7
-20 1
+20 2
-20 1
cob=(3)
cfi=(151)
cfn=(594)
calls=1 -65 
* 189
+2 3
+3 1
+2 2
-2 1
+2 5
cfi=(178)
cfn=(718)
calls=1 563 
* 56
+1 1
+1 1
-1 1
+1 1
cfi=(177)
cfn=(722)
calls=1 +32 
* 102
+1 5
cfi=(177)
cfn=(726)
calls=1 213 
* 219
* 2
-38 2
+50 7

totals: 3775524452
